1111111111111101111111110011111110000111110000001111000001111110000111111000011111100001111110000111
1111110001101010000010010000011000000001000110000110011100011001110000111011000111111110011111111101
1111111111111111001111111000011110000011111000000111100000110111000111011000011011110000001111000000
1000011100100000110010010000001000000000101000101110100011111010000111101100000011110000001111101000
1100001111110000011110000001111000000111100001111111100110000110000000111000000111100000011111101001
1111101111111110011111100000111110000011111100001111110000111110000011111000000111100000011110000111
1111011111111100111111100011111100001111100000111110000001111000000111110000001110000111111011011111
1110000111110000001111000000001000000100110000011111100001111110000111111000011111100011111110001111
1110000111110000001111000000111100000011110000001110000000111000000011111000011111100011111110001111
1110111111111000001111000001111100000011110000111011100111000110000000111000000011110000010111111001
0100100001000010001100010000110000000001000110000110010001011000000001100010011110101000111111100011
1111111111111111111111110011111110000111111000000111110000001111001000111000000111100000011110000000
1111001111111000011111110001111111000111111000111111100011111100001111010000011101100001110110110111
1111001111111100111111000001111100000011111000001111110000111110000011111000001111100001111110000111
1111111001111101100111100010011111001001111101100111100100011110010001111001000111101000011110100001
1111001111111000111111100001111110000111111000011111100001111110000111110000011111100001111110110111
1000000111100010011100001101110000011111000000011100000001110000000111000000000100100000000010111011
1111111110111100111011110011001111001100111100110011100010001111101000111111110011111101001111110101
1111111111111110111111110001111111000011111100001111000000110101000001001110000111111000111111111111
1111111100111100111011110001101111000000111100000001110000000010000000000000011111110001111111111111
1111001111111100111111100001111110000011111000001111100000111110000011111000011111100001111110000111
1111111110111100111011110011101111001100111100110011110011100111001110000000111000000000100000000111
1100000000111100000011110011001111000100111100111111110011111111001111111100000011100000001100011110
1111101111111000001111000000011100000100110100011110100000111000000011100000001111100000111111111111
1111111101111100100111110100000000100001000000000000000000000000000000000000000011110001111110001111
0011111111001111011100111001110011100111001110000011000000001100100011110111111110000011101111111111
1111111111111110111111111011110111000111111000000011100000001100000000100011000010001111001100111111
1111111100111100111111110011111111000111111000011110000000111100000001111010111111101001111111101111
1111111100111100111111110011111111001111111100111111100000011110000000111011011111101101111100111111
1111111111111000111111100011111110000111111100011111111001001111101111111110000000000000000001000000
1011111111101100111110110011111001101111110110111111010000001110100000110010000011001100001000111000
1111011111111100111111100001111111001111111100111111110000001111000000111100000011100010001111100111
1111111111111110011111111001111111100111111110001111111000111111100000111000000011001000001001000000
1111111111111001111111100011111110000111110000011111000001111110000111111000011111100001111110101111
1111111111011100111101100001110110000111011100011101100001110111000111011010111101101010111110100111
1111111111111110011111110001111111100111111100011111110001110000000111010000001100000000110000000111
1111111111111110111111110001111110000011110000011110000000111100000001110000000111101111111100111111
1111111111111100111110000010011100000011111100011111110011111110000001110000000011000000001111000000
1111111110111111111111110111111110001111111100111111100000111110000000111000000011101011111111101111
1111111111111100111111110011111110000111111000011111100100111100000111110000000011000000001110000000
1111111111111101111111100011111100000111111000011111100001111000000001100000000110000000011111011111
1111111111111101111111110001111110000111111100111111000000011100000000111100111111110111111111111111
1111111111100001111100000011110000000011100000001111000000111110011001111111000111111100001111111011
1111111100111101111111100111111110001111111000111110000011111000001111100000011111101011101111101100
1111111111100111111100001111110000001111000000011100000001111000010011111111100111111111001111111111
1100001111100000011111100001111100010111000111011100000110110001000011001110000100011111010000111100
1110011111110001111111000111111100001111111000111100110011110001000111001100011100000011110000101111
1111111111111111111111110011111110001111110000111111000001111110001111100000000100000000000000000001
1110101111111000001111000000111100001101110000110110000010110000000011000000000000000000010011100001
1111111111111110111111110011111111000111111000001111100000111110000111100000000100000000000000000000
1111111111111101111111100011111110000111111000001111000011111100001111100000000100000000000000000000
1111111110111111111111110111111110001111111000111111000001111000000001100000000011101011111111111111
1111101111111100011111110000111111000011111100001111110000011110001001110000000000000000000000000000
1111111110111001111111100011111110000111110001111111000011111100000011110000011111110111001111111111
1111111111111100111111100011111100000011111000001111110000011110000000110000000011100000001110000000
1111111111111111111111100111111110001111111000011111000000111001000001101100000011010000001111110011
1111111111111000111111100011111100000111100000000110000000011110001100110001111010000010001100010000
1111111110111101111111110011111110001111111000111111000011111000000111100000001111010111111100011111
1111111111111111111111110001111110001111111100111100000011110000001111000000111111110011111111101111
1111111111111101111111100011111110000111111000011111000001111100000111100000011110000001111000000111
1110000111111000011100000001111000000101110000011100000110111000011101100001111110001111111001111111
1001111100100111000011110000001111000000100000000110000001111000000111100011111110011111111111111111
1111111111111001111111000011111110001111111000111101100001111110000001111000000111110111111111111111
0001101110111100011110000000111000001111100011110111111111001110001111111000011111100001111100010111
1111001111111100111111110001111110000011110000000111000011111110001111111000011111100001111110000111
1100000111100001100111111110011000001001100000110110000111011000001011100000011111000011111000100111
0000000010110000111110001111111101111111111111111011101111111110000111111000011111000001111100010011
1000000111100011111111111111011100001110111111111110001111111000000111100000111100000011110001001111
1111001111111100111111110001111110000011110000000111000011111110001111111000011111100001111110000111
1100000011110111100111001110011100000001110001110111000001011100000111110000011110000001110000000111
1100000111111000001111111110011110000001111001000111100000011100000011111000011111000001110000000011
1111000111111100011111110000111110000001111000000111100000111110000011111100011111100001110000000111
1111111111111101101111110001111110101111111000111111100001110000001111000000001100000000110000000011
1111101111111110011111110000111111000011111100001111110000111111000011111000001101100100100000000000
1111111111111100111111111001111111110011111100001111110000011110000001111100000101110000000000000000
1111111111111100111111110011111111000111111010001111100000111110000011111000001111000000111100000011
1111111111111111111111111011111111100111111110011111110001111111000111011100000100110000000000000000
1111111111111011111110001111111000011111100111000001111000110011111010000111110000000010100000000010
1111111111111100111111110011111110001111111000111111100001110001000001000000000000000000000000000000
1111100111111110011111110000111110000011111001001111110000111110000011100000001100111001111000100111
0001111100111100011011110001111111000111111100011111100000111010110111110011111111110000000111000000
1111111110111111111011111011111111001111111111111111011111111111101011100111100000000000000000000000
0001111111001111001101110000110110000011110000001111000001111000110111011111011101011101111111110111
0000101111000110011100110000110111000011011100011101110001111111000011111100001111110000111111111011
0111001111111100011111110001111110000011111000001100000011110000000111000000011100111111110011111111
0111111111111110101111100000111000000111110000001110000000110000001111000001111100000011110011101111
1100010011111000001111100000111110000011101000011100100101111110010111111101011111100101111110110111
1111111111111001111111100011111101001111110000111111000001111100011111110000111110000011111100001111
1111011100111110110011110011101111000111111100111111110111111110001110110000110000000011000000000000
1111001111111000011111001100111000010001110000001111100000111111100011111111001111000100111100000011
1111111111111001111111100011111000000111100110011111000000011100000001110000011110010011111000000111
1111111111111111111111111011111111100111111100011111110001111111000111111110011100110000000000000000
1101101111110000011111100001111000110011111111000111101100011101000010111000000111000000001111000000
0000011111000010111100000011110000011100111111111011111011101101111111110111101111001100100101110000
1111111111111100100011100001001110000100110111111011111111111000101111100000111110000001101000000000
0000000000001000110110111111011011100111111110010101101001000111100100010110010110000011111010001110
1111000011111100011111100001110000101111110000000010000000001100111111111001111111101001110101101101
1111001000111000111011100001001111011100111111111011011110111100111011110001101110000100001000000000
1111111111111101111111110011110110001111100110011111000000001100000010110000011110000000111000000011
1111111111111100111111110011111110000111111000011111110001111110000111111000011111100000111110000111
1111111111111101111111110011111110000111110000001111000001111110000111111000011111100001111110000111
1110100111100000001110000000111000000011100000001110000000011100000011111000011111110001111111100111
0011000011011111111101110001110111111111111111101111111100101111110111111100111100000000110000000011
1110000011110000110111000000011011000001101000000110100001011111100101101000001100110000110011111001
1111001111111100011111110001111110000111100000001111100000111110000111111000011111000000111100000000
1111110111111110001111110000111100000011111100001110000000110000011011000001101100001111111001111111
0111001111111100111111110011111110001111111000111111110011111111001111111000011111100001111110011111
1111001111111100111111100001111110001111111000111111100011111110101110110010111010001001001101100111
1111111111111111101111111100111111110001110000000111000000011100000101100000001100011101111111111111
0111111111011100011111100001111100010011110000111111100011111110101111111010011111101001111110110111
1111001111111000111110000001111100000011111100001111110100110110000011111000001111100001111110100111
1111101111111000011111000001111100000011111100001100000001110000000111100001111111000111111111111111
1111101111100000000110011001011100000011011000011101110011110111001111111000011100100001110110000111
1111111111111100011101110001110110000111000000000100000001110000001111000001111000001111001010111001
1111111111111110011101110011111110101111000111000100011000000011000001001000000001000000101110000011
1110001111111000111111100011111100001110110000011111000110110000111001000111000100011100011110100011
1111100111111100011111110001111110000011110000000000000000000000000000000000000010000000001111110111
1111111111100001111111000111010100001111000000111100000001110000000011100000001110000000111101000000
1111111111111000001111000000111100000011100000001110000000111011000011111100001111110010111111111111
1111111111111110001111111100000111110000111111001111110100101111000010111100000011110000111101000001
0000000000000000000000000110000000111000100111110010011111001111111110111111111111111110011111100000
1111111111111111111111111111111110111111110000001111000000111110000111110000001111000000111110000111
1111111111111100111111110011111111000111111010001111100000111110000011111000001111000000111100000011
0000101111000110011100110000110111000011011100011101110001111111000011111100001111110000111111111011
1111111111111101101111110001111110101111111000111111100001110000001111000000001100000000110000000011
1111101111111110011111110000111111000011111100001111110000111111000011111000001101100100100000000000
1111111111111100111111111001111111110011111100001111110000011110000001111100000101110000000000000000
0111001111111100011111110001111110000011111000001100000011110000000111000000011100111111110011111111
0111111111111110101111100000111000000111110000001110000000110000001111000001111100000011110011101111
1111111110111111111011111011111111001111111111111111011111111111101011100111100000000000000000000000
1111100111111110011111110000111110000011111001001111110000111110000011100000001100111001111000100111
0001111100111100011011110001111111000111111100011111100000111010110111110011111111110000000111000000
1111111111111100111111110011111110001111111000111111100001110001000001000000000000000000000000000000
1111111111111011111110001111111000011111100111000001111000110011111010000111110000000010100000000010
1111111111111111111111111011111111100111111110011111110001111111000111011100000100110000000000000000
0001111111001111001101110000110110000011110000001111000001111000110111011111011101011101111111110111
1111111111111001111111100011111101001111110000111111000001111100011111110000111110000011111100001111
1111011100111110110011110011101111000111111100111111110111111110001110110000110000000011000000000000
1111001111111000011111001100111000010001110000001111100000111111100011111111001111000100111100000011
1111111111111001111111100011111000000111100110011111000000011100000001110000011110010011111000000111
1100010011111000001111100000111110000011101000011100100101111110010111111101011111100101111110110111
1111111111111111111111111011111111100111111100011111110001111111000111111110011100110000000000000000
0000000010110000111110001111111101111111111111111011101111111110000111111000011111000001111100010011
1100000111100001100111111110011000001001100000110110000111011000001011100000011111000011111000100111
1100000111111000001111111110011110000001111001000111100000011100000011111000011111000001110000000011
1100000011110111100111001110011100000001110001110111000001011100000111110000011110000001110000000111
1111001111111100111111110001111110000011110000000111000011111110001111111000011111100001111110000111
1000000111100011111111111111011100001110111111111110001111111000000111100000111100000011110001001111
0001101110111100011110000000111000001111100011110111111111001110001111111000011111100001111100010111
1111001111111100111111110001111110000011110000000111000011111110001111111000011111100001111110000111
1111000111111100011111110000111110000001111000000111100000111110000011111100011111100001110000000111
1111111111111100100011100001001110000100110111111011111111111000101111100000111110000001101000000000
1111001000111000111011100001001111011100111111111011011110111100111011110001101110000100001000000000
0000000000001000110110111111011011100111111110010101101001000111100100010110010110000011111010001110
1101101111110000011111100001111000110011111111000111101100011101000010111000000111000000001111000000
0000011111000010111100000011110000011100111111111011111011101101111111110111101111001100100101110000
1111000011111100011111100001110000101111110000000010000000001100111111111001111111101001110101101101
1111111111111101111111110011110110001111100110011111000000001100000010110000011110000000111000000011
1111111111111000001111000000111100000011100000001110000000111011000011111100001111110010111111111111
1111111111111110001111111100000111110000111111001111110100101111000010111100000011110000111101000001
1111111111111110011101110011111110101111000111000100011000000011000001001000000001000000101110000011
1110001111111000111111100011111100001110110000011111000110110000111001000111000100011100011110100011
1111100111111100011111110001111110000011110000000000000000000000000000000000000010000000001111110111
1111111111111100011101110001110110000111000000000100000001110000001111000001111000001111001010111001
1111111111100001111111000111010100001111000000111100000001110000000011100000001110000000111101000000
1111111111100111111100001111110000001111000000011100000001111000010011111111100111111111001111111111
1111111111100001111100000011110000000011100000001111000000111110011001111111000111111100001111111011
1111111100111101111111100111111110001111111000111110000011111000001111100000011111101011101111101100
1111111111111101111111110001111110000111111100111111000000011100000000111100111111110111111111111111
1111111110111111111111110111111110001111111100111111100000111110000000111000000011101011111111101111
1111111111111100111111110011111110000111111000011111100100111100000111110000000011000000001110000000
1111111111111101111111100011111100000111111000011111100001111000000001100000000110000000011111011111
1111111111111100111110000010011100000011111100011111110011111110000001110000000011000000001111000000
1100001111100000011111100001111100010111000111011100000110110001000011001110000100011111010000111100
1111111111111111111111110011111110001111110000111111000001111110001111100000000100000000000000000001
1110101111111000001111000000111100001101110000110110000010110000000011000000000000000000010011100001
1111111111111110111111110011111111000111111000001111100000111110000111100000000100000000000000000000
1111111111111101111111100011111110000111111000001111000011111100001111100000000100000000000000000000
1110011111110001111111000111111100001111111000111100110011110001000111001100011100000011110000101111
1111111110111111111111110111111110001111111000111111000001111000000001100000000011101011111111111111
0000000101000011111100001111110000000111000000000111000101111100000111110000011111011001111101100111
1111110011111110001111110000111110000001110100001111110000111111100011000000000100000000010000001111
1111011111111011111111110000001111101100111111111011101111101110111110110001000010000010000000000000
0001000000001100000000110001000011111100001100111001000100101000011111111101111111111100111111110000
0011111111111111100111111110110011111100001111100000010111000000011100000101100000000010000000001000
1111111110111111111011111100101111110110111111111011111111101111011000000110100000000010000000000000
1000111111100011111110000111111000000111000000011100000001111000001111100001111110000111111000001111
1111101111111110011111110001111110000011111000001111100000111110000111111000011111100000111110000011
1111111111111111111111111111111111111111111101111111110000011000000001110000000010000000001100000000
1111001111111000011111100001111110000111111000011111100001111110010011111001001100100100010111111100
1111111111111100111111100001111110000111111000011111100001111110000111111000011100000000111100010010
1111111111111110111111110011111111000111111100001111100000111100000000100000000010011110011111111111
1111111111111100111111111001111111110011111100001111110000011110000001111100000101110000000000000000
1111111111111100111111110011111111000111111010001111100000111110000011111000001111000000111100000011
1111101111111110011111110000111111000011111100001111110000111111000011111000001101100100100000000000
0001111111001111001101110000110110000011110000001111000001111000110111011111011101011101111111110111
1111111111111111111111111011111111100111111110011111110001111111000111011100000100110000000000000000
1111111111111101101111110001111110101111111000111111100001110000001111000000001100000000110000000011
0000101111000110011100110000110111000011011100011101110001111111000011111100001111110000111111111011
0111001111111100011111110001111110000011111000001100000011110000000111000000011100111111110011111111
0111111111111110101111100000111000000111110000001110000000110000001111000001111100000011110011101111
1111111110111111111011111011111111001111111111111111011111111111101011100111100000000000000000000000
1111100111111110011111110000111110000011111001001111110000111110000011100000001100111001111000100111
0001111100111100011011110001111111000111111100011111100000111010110111110011111111110000000111000000
1111111111111100111111110011111110001111111000111111100001110001000001000000000000000000000000000000
1111111111111011111110001111111000011111100111000001111000110011111010000111110000000010100000000010
1100010011111000001111100000111110000011101000011100100101111110010111111101011111100101111110110111
1111111111111100111111110011111110000111111000011111110001111110000111111000011111100000111110000111
1111111111111101111111110011111110000111110000001111000001111110000111111000011111100001111110000111
0011000000011100001101110000111110001111111010111111100011111111010111011001011101000001110100001111
1100011111110001111111100011111110000111111000111111100011111111001111111100111111110011111111001111
0110000000110000000011001100001100111000111011111111101111111110111100111001000011100100001100000000
0000000000111000100011100010001110001111111100111111110011111110001111111000111111000011111100111111
1111111111110000011111000001111111000111111100011111100001111100000011111000011111100001111100000111
1111111111111101111111110011111111001111111100011111100011111110001111111000111100000000000000000000
1110000111111000011111100000111100000011100000001110000000111100000111110000011110000011111000001111
1111111111111111111111110011111111001111111100011111100001111111001111111100011111100001111110000111
1111111111111100111111110011111110000111111000001111100000111110000011110000001111000000111100000011
0001111101000011111000000111110000011111000000011000000011101100000100111000000011100001101000000110
0000001111000000111100000001110000000011000000011111100001111110001111111000011111000011110000000111
1111000111111000011111100001111111000111111100011111110101111110010011111001001100000010000011111100
1111111111100101111100000111110000011111000001111100000111110000011111000001111100000111111111111111
1111111111000001111100000111110000010111100011111100001111110001111111000011111110000111111000011111
1111111111000011111100000111110000011111000001111100000111110000011111000001111100000111111111111111
1111111111100011111110000111111000111111000011111110001111110000011111000001111100000111111111111111
1111111111111111111100000111110000011111000001111100000111111000011111100001111111111111111111111111
1111111111100111111100000111110000011111000011111100000111110000011111000001111100000111111111111111
1111111111111100111111100011111111001111111100111111110011111111000000100000000000000000111001000011
1111011111111001111111000111111110001111111000111111100011111110001111111000111111101000111110100111
1111011111111101111111111111111111111111111111111100000100110000010000000001100011001010001100001100
1111111111111110011111110110111111010001111100001111111000111110000011110000000110000000111000011111
1111011111111101111111111111110111111111101111111110111111101011100000000010000100001000010000110001
1111111111111100111111111001111110000110100000000000000000100000001111001100011111111000011111100111
1111111111111100111111110011111111000011110000000011000000000000000000000000110010000001000000000000
1111111111000001111100000111110000011111001001111100100111110000011111000001111100000111111111111111
1000110000000011000000001000000001000000000000011111000011111111001111111100011111010111111111111111
1100110000000011000010000000000001000000000000111111000011111111001111111100111111100111111111111111
1100111000000011000010001010000001000000000000111111000001111110000111111000011111011111111111111111
1110111110101111111011111111101111000010111000001111000000111000000011100000011111100000111110010011
1000110000000011000010001100000000000000000000111110000011111110001111111000111111111111111111111111
0010111100010111111001110111000100000100000000011100000101110000000111111000011111100100111110010011
1101111110100111111011111111101111000110011000000101000001110000000111000000011111101011111111100111
1100110000000011000010000000000010000000000000111110000011111111001111111100111111111111111111111111
1110100110000011000000001100000000110001000011000100001000010111111111111111111111111111111111111111
1000010000000000000100000100010000110001000011000100001100110111111111111111111111111111111111111111
0000000000000001000000000100000011111000011111111100011111010001110001111111111111111111111111011111
0000000000000010000100001100010001111011000011001100011100111111111111111111111111111111111111111111
0000000010000011000100000000010011111101001111111100011100110001110011111111111111111111111111011111
0000000110000010001100000111110000111110000111111100011101110001011111110101111111110011111111111111
1111110110000010000000001000000000100001000110000100011000010111111111111111111111111111111111111111
0000011111000001110000000111000000111100000001100000000110000000111101000111111111111111111111111111
0000100001000011000000010100010011111001001111101100101100110010000111001100111101101011111101101111
0001110011000110000100011100010001100011000010001000110000110010001111001011111111111111111111111111
0000011110000111111000011111100000011110000111110000011011000001111110001111111100101111111111111111
0000111100000011010000001111000000111100000110110000011111000000011111000101111100111111111111111111
0000101000000111000000011100000001110011000000001100000100010000110011001110111101101011111111111111
1111001111110000011111001011111100001111100000011110000000111000000011100001011110001101111000110111
1100001111100011111100000011110000001111000010111100001001111000100111110010011110001001110000000111
1111000111110100001110001000011000111001100110111110000011111000000111100000011110001101111101110111
1110001111110000111110000011111000001111100000111110000011111100001111110000111011000011101100011111
1110011111110000111111000001001100000011100000001111000000001100001001111001001111100001111110011111
1111011111110000001111000000011100000001100000001110000000111000000011110000000111000010011000001000
1110000111110000001111000000111100000111110000111111000011111100000111110000111111001111111111111111
1111011111100000011110000000111000000001100000000110000000011101000011100000000110000100011100011001
1111000111111000011111100001111110000111111000011111100011111110000111111000011111100001111110001111
1110000111110000011111000000111100000001110000001110000000111100000111100000011111001001111111100111
1110000111111000011111000001111100000111110000011111000001111101000111111000011111100011111110011111
0000111000100111000011100010001110001000000000000100000010111111000001111100000011000111111111111111
1100000101111111110111100001111100000111111000011111000000111100000001100000000010000000011111111111
1000111100110111100011101010001110000000000100000000011000111000101011100000000111101010011111111111
1100011111110011110011101100001110000001001000001100000000111100000011100000000110000000011111111111
1001111000101110000011111000001111100000111110000000111110000011111000111111100011111110001111111110
1111111111111101111111100011111110001111111000011110100000011000000001000000000000000000000000000000
1111101111111100011111110001111110111111111000111111100000111100000011110000000110000000010000000001
1111001111111100111111110011111110111111110000011101000001110000000011000000001100000000110000000111
1111001111011100111111110011111110011111111101101111100101111100000011110000000110000000010000000001
1111111111111111111100101111110011111111000000011100000000110000000001000000000011110110001111111110
0001111111100111111111111011111000000011111110000101111110000011100000000000000000011111000000111110
1111011110111101111011110011101110101110100011011110000100100010110000001110000000001010001111100100
1111001111111100111111111011111111101111111100011101010001100000000011000000100111111111101111111010
0000011111111000111111000011111011010111111110000100110100010010110000100100000011001110001101111100
1111100001111110000011101111001110010000111000000011100000001101011100111111100011111011001111101100
1111001111111100011111110001111111000011111000001111100000111110100111111000011111100000111111000011
1111111111011001111101100111110110111111111111111100001110110000111011111000000111000000011000000000
1111111111000001111100000111110000011111000001111100000111110000011111000001111100000111111111111111
0001111111000001111100001111110000111111000011111100001111110000011111000001111100000111110000011111
1111111111000000111100000011110000001111000000111110000011111000011111100001111110000111111100011111
0111111100011111101101110000110111011000000111110010001110001001111000000111100000111110000000001000
1000111111100011111110000000010000111001000011100100001110010011111001011111100001111110000010001000
1000111111100011111110001011100000110110000111011000011101101001110010110100000011010010001101001000
0001111111000111111100011011110001111111000111100100011110010011111001011111000100111110010001111001
0011111111001111111100110101110011110001001111100100111110000011111000001111100000111110000001101000
0011111111001111111100110011110011011111001111101100111110110011110011001111101100111110000001001000
0011111111001111111100111011110011100111001111011100111100110011111011001111100100111010010001101000
0001111111000111111100011111110001100111000111111100011110110001111111000111101100011110110001011011
1111111000111111100011110011001111111000111011110011111100001111110000111111100011111110001110101000
1100111111110011111111000011110000111101001011111000001100000000111001100111100110001110001100001000
0001111111000111111100010011110011011111000111101100011110110001111001000111000100011110010001011000
1100011111110001111111000111111000111111000011100100001110000001101000111010000011101010001110000010
1111111101111100110111110010001111111000111111100011111110001111111000011111100000111110000000010000
1111100000111110001111111000101110000000110000100011000010001100000010110011000011010100111111111111
1111100001111110011111111100001110000000110000000011000000001100110000110011000011011100111111111111
1111110001111111000011110000001110011100111001011011100001101101000100110000100011000000001100011000
1111110001111111000111111110001111111000110101110011010001101101001000110101000011001000001100010000
1111111100111111110011111101001111111100111110100011111000001111100000111110000011110000001111100100
1111111100111110110011100011001111111000110111100011011110000001110000001111100000111100000000010000
0111111110011111111001111011101011111000100111100010011110000001110000000111100000011110000000000000
1111000001111110000111110000001111110000111011010011101110001110000000111000100011100011001101110000
0111111111011111111101110000100111010000011111100001001110000101111000000111110000011111000000011000
1111100001111011000111101000001101110000110111010011001100001100111000110011110011011111000101000000
0000001111000011111100001111110010111111000011111100000111110000000110000001011000000111100000111111
1111111111111111111111101111111100011111000001111100000011110000000011000000001100000001110000000011
0000011111000111111100111011110111001111111100111111110011110001000111000000001100000001110000011111
1100001111110000011111000101111101111011101111101110011100110000000111000000001100000000110000000011
1111000100111100011011100001111110000011111000001110100000011000000001100010000101100000110110010111
1111111011111111101111110010111110000011111000111111100001111110000010111000000011000000000000010000
1111111101111111110111110111011111011101011010110000100001000010000000000000000000000000001111110000
0011011000000111000000011100010001101110000000011100010000110000100011000011111100111111110011111111
1100011111100001111110000111110000111111000001111100000111110000011111000000111100000000110000000001
0000001111000001111100001111110000111111000001101100001111110000111111000011111100010011110001000111
0000001110000001111100000111110000011111000011111100000111111010001110101001110000000110000001111110
1111110001111101000111110000010000000000000000111000000001110000000111000000001100000111111111111111
0000111111000011111100001111110000111111000001111100000001110000011111000001111100100101110000000100
1111111111111101111111110011110110001111100110011111000000001100000010110000011110000000111000000011
0000000000001000110110111111011011100111111110010101101001000111100100010110010110000011111010001110
1111111111111100100011100001001110000100110111111011111111111000101111100000111110000001101000000000
1101101111110000011111100001111000110011111111000111101100011101000010111000000111000000001111000000
1111001000111000111011100001001111011100111111111011011110111100111011110001101110000100001000000000
0000011111000010111100000011110000011100111111111011111011101101111111110111101111001100100101110000
1111000011111100011111100001110000101111110000000010000000001100111111111001111111101001110101101101
0000011111001000111101110011110000001111000000111100000011110001001111000110111100011011110001001111
1111111111111000001111000000111100000011100000001110000000111011000011111100001111110010111111111111
1111111111111110001111111100000111110000111111001111110100101111000010111100000011110000111101000001
1111111100111100111111100011110111101111001111111101000101110010111011000111011100011000110001110000
0000111111001111111111111111111111110011111100000111100100011100110001110011100100001000010000100001
1111111100111001111111100011111110011111010111111100001101110000111001000111000100111110000011110000
1111111111011001111111101111111110111111111011011111111101111111111010001111100000000000000000000000
1111111111111101111111100111111110011111111001111111000111111110011111100000001100000000000000000000
1111111111111001111111000111111100011111110000111111000011111100011111100001111110000010011000000000
1111111101111110110111110001011110000111111000011111100001111110001101010000110101100011010000000001
1111111111111101111111110011111111001111111100111111110001111111001111000000000100000000000000000000
1111111111111011111111000111111100011111110001111111000111111100111101111000000111100000000000000000
0001111110011101111001101011000110001101010010110111111011010110101101000011110100001110000000100001
1111111111111111001111111000011111000001111000000111100000111110000111111000001111100000111111000111
1111111111111111111111110011111110001111111000011111100001111110001001100000000000000000000000000000
0000000001000000000000000000001111011100111110011110001000111111001111111100111111110010011111111111
0000000000000000000000000000001110111100111110111100000010111110101111111011111111111110011111111111
1110011111100000111110000001110000000011110000100011000000001100000001110001001111000001111110001111
1111111111111100111111110001100110000110011100011001110001100100000010100000011000001011101000111100
1110000111110010001100011000010001100000110000100010000000111000001011000000001100001010111001101101
1111111111111001111111001011111000101111110000111111000011011110001111111000100100000000001010010011
1100110111100011001111100001111110000111111000011111101001110000000000100000000100000100110010010111
1111000111111000011111100001111110000111111000011111100011111110000111111000011111100001111110001111
1110000111111000011111000001111100000111110000011111000001111101000111111000011111100011111110011111
1110000111110000001111000000111100000111110000111111000011111100000111110000111111001111111111111111
1110011111110000111111000001001100000011100000001111000000001100001001111001001111100001111110011111
1110001111110000111110000011111000001111100000111110000011111100001111110000111011000011101100011111
1111001111110000011111001011111100001111100000011110000000111000000011100001011110001101111000110111
1110001111110000001111000000111100000011110000001111000001111100000111110000011110001001111000100011
1110011111110000111111000001001100000011100000001111000000001100001001111001001111100001111110011111
1110000111110000011111000000111100000001110000001110000000111100000111100000011111001001111111100111
1111011111100000011110000000111000000001100000000110000000011101000011100000000110000100011100011001
1100001111100011111100000011110000001111000010111100001001111000100111110010011110001001110000000111
1111001111110000011111001011111100001111100000011110000000111000000011100001011110001101111000110111
0000001111000000110100000111110010011111001100011100000000111011110111101111111100000011111110111111
0000000100000000111100000011111001100011100010010110011111110000011111110000011111101001110110011111
1000000101100000110000000011111001001111110110001110001100111101111011000111111111100000110111000011
0000000100000000110000000011110000011111001110001100011001110011101111001111111111001011111110100111
1111111111111111111111101111110000111111110010000100110000010011000001000110000101100000110000000011
1000111111100011011110000111101100001010101101111110100011110110000011011110000111111100001000000000
1000000011100100000110011111001001111100110111110010011110001100100000110000001111000000011100000011
1111111111111111111111101111110000011111011000000100111110000001000000000110000000000000000000000001
0011111111001110011100110000110001000011000100100100011111010001110011000110011100011001110001100111
1111111111111111111111000001100000000000100100000110010000001111111111111001111111100111111111111110
1111111111111111111110000011100000000100000010000000000000001111011111111101111111110111101110011110
1111111111111111111111111111011111111111010111001101011011100010101000000000000000000000000000000000
0000001011000001111100000111110000111111001111111111111110001111111100101111000010011100001000010000
0000000000000000011100000011110000001111000111111101111111111111111100111111110010111110001000110000
1111111111111101111111110111111111111111111111111110001100000000000000000000000010010000011111111111
1111111111111110111111111011111111011111000001000000000100000000000000001000000011110111111111111111
1111111111111111111111111111110000001101000001110000001110000001110000010001110011100000001111100000
1111111111111011111111100111111110111111111111111111001000000000000000000000000010000000001111111111
0000000000000000100000000111100000111111000011111101111111111111111111111111110011111110001111110000
1111111111111110011111110000111110000111100011000100000110110110111111000111111100011011110000000000
1111111111111111111111111101111111111111111111111111011110110001010000001100000001000000000100000000
1111111111111111111111101111111000001111000001110000001110000001110000111000000011111110001111110000
1111111111111111111111111111111100011111000001100000001100000001110000000000000011110000001111110000
1111111111111110111111100011111100000111100001111110000111110000110111000011011100001000100000000000
1111111111111111111111110111111111101111111100011111110001110011001111000000001100000000100001000001
1111111111111111111111111111111111111111111100111100000000000000000000001100001001000000001111101000
1111111111111111111111111111111111001111111100111111000000010000000000000000000011010000001111111111
1111111111111101111111110011111111001111111100111111100001111110000111000000000100001000000000100000
1111111111111111111111110011111111000111111100011110000000000000000000000000000011111010111111111111
1111111111111100111111110011111110000111110000011111000001111100001111110000011111000001111110110000
1111111111111111111111111111111111111111111000000010000000000000000000000000000001111111111111111111
1111001111111100011111110001110110110011000011111100001111110000101111000100111100001011110000000001
1111111111111100111111110001110010111111000011111110001111110000001111000110000000000000001111000000
1111011111111000011111110010110011110001000111000100001011010001111001001111100100001110010000001001
1111111111111100111111110011111111111111111111111111110101111110110110000001000000000100000000000000
1111111111111100111111110011111111001111111101111111111111111110111000000001000000001100000000000010
1100000001011000100110100010011001110100100111000110001110011011111001100111100000111110000000111000
1110000011111001001111011110110001111011000111101100011101110111111111000011111100101011110000000100
1111000011111000001111100000111110000011110000001110000001111100001111100000101100000000110000111111
1111111111111111111111111111111111011111100000100100000000000000000000010000000011100000001110000000
1111111111111100111111110011111001001111100000111110000011110000001111000000010011100000001111000000
1111011111111100111111110011111111001111111100111111100011110110000011100000011100000001110000001111
1111111111111100111111110011111111001111011100011110000001110000000111000110111000010000001110000000
1111000111111100111111100001111111000111001000011100000001110000001111000011101111110000001111111000
1111111111111100011111110001111111000111111100011111100001110100000111100000011110000000110000000111
1111111111111100011111110001111111000111011100011101000001111100000111110000001100000010110000010111
1111111111111110011111110001111111000101111111111111100110110001111011000011100000000010000000001000
1111111111111111111111111011111111101111111111111111111101100001110111000010000000000000000010000000
1111111111111111111111111011111111101111111111111111111101110001010111000001001000000000000000000000
1111111111111111111111111000111111100011111111000100111111101111111011000111000000010000000000000000
1111111111111110111111111111111111111110100011101000000000100000000011000010010000000001111110000110
0111101000111110110011111111111100111111110000011111100001111110000111111000001111100000111000000011
1110111111111100000011111000001101111000110000000011110010001110001100110000110011000011001100000110
0000000000000000000000000100000000000000000000010000000000000000000000000011111111111101111111111111
0000000110000011111100011111110001111111000100010000010001000011000000001001000000000100000000110000
0000001111001000111100111111110001111111000100100000110011000010000100001001000000000100000001110000
0000001111000111111100011111110001111111000101010000010000000000000000000001000000001100000001110000
0111011101111000111111100010011100000001000111010100011010001011111111101101111100000111110000011111
1011101101101100011111110001110000100011010010000100000111011000011111110011111110001111110000000111
1100011111110011110011101100001110000001001000001100000000111100000011100000000110000000011111111111
0000111000100111000011100010001110001000000000000100000010111111000001111100000011000111111111111111
1100000101111111110111100001111100000111111000011111000000111100000001100000000010000000011111111111
1000111100110111100011101010001110000000000100000000011000111000101011100000000111101010011111111111
1001111000101110000011111000001111100000111110000000111110000011111000111111100011111110001111111110
1111111111111101111111100011111110001111111000011110100000011000000001000000000000000000000000000000
1111101111111100011111110001111110111111111000111111100000111100000011110000000110000000010000000001
1111001111111100111111110011111110111111110000011101000001110000000011000000001100000000110000000111
1111001111011100111111110011111110011111111101101111100101111100000011110000000110000000010000000001
1101101110100100011001000001110001101111000011110000011000011111111111111000000000000000000000110000
1111111000000111000000101000000000110000000111101100001111110000111011000011100000011100000001100000
0010011111000000111001110011000000000100000010111111111111110000000111110000111111100111111111011111
1010111111111001111111100000011100000011010000001110000011110000000110000010000011111000111111000111
0001011111110111111111010001111001000010100000011110001011110001100000000111001111101111100000000000
0001111111111111111110010001111001001110100011111110011110001001000111111100100000000000000000000011
1100000010110000000010000000001100110000111011011111101100111110100011111100001111111001011111110001
0000000100000000111100000011111001100011100010010110011111110000011111110000011111101001110110011111
1000000101100000110000000011111001001111110110001110001100111101111011000111111111100000110111000011
0000000100000000110000000011110000011111001110001100011001110011101111001111111111001011111110100111
0000001111000000110100000111110010011111001100011100000000111011110111101111111100000011111110111111
1111111111111100111111110011110110001111111100111111101011110100100111000011011100000000110000000000
1111111111111110111111110011111110001111001001111111101111110000111111000011111100000000110000000000
1111101111111110111111110011111111001111111101111111110111110111010111000000011100000000000000000000
1111111111111110111111111011111111001111011001111111000011111001111111000000111100000001110000000000
1111111111111100111111110011111111001111111100111111100011110110000111000000011100000000110000000000
1111111111111100111111110111110111001111011100111111110001110111000111000000011100000001110000000000
1111111111111100111111110111110111001111011000111111100011110110000111000000011100000000110000000000
1111111111111101111111110111110111001111011100111111100001110110001111000000111100000000110000000000
1111111111111110111111111011110111000111011000011111100011110110001111000000111100000001110000000000
1110001111111001111101100011111110011111111001111101101011110000101111000010111100000000000000000000
1111111111111110111111110011110110111111011001111111100111110110001111000000111100000000010000000000
1111111111111100111111110011111110111111111011111111101011110000101111000010011100000000110000000000
1111111111111110111111110011110110111111011001111111100111110110011111000000111100000000010000000000
1111111111111100111111110011111010011111101001111111100011111000001111000000011100000000010000000000
1111010111111100011111110001111110001111111000011111100001110110000111000000011100000000010000000000
1111011111111101111101110001111111000111111100011101100001110010000011000000001100000000000000000000
1111111111111011111111000111111100011111110001111111000111111100111101111000000111100000000000000000
0001111110011101111001101011000110001101010010110111111011010110101101000011110100001110000000100001
1111111111111111111111110011111110001111111000011111100001111110001001100000000000000000000000000000
1111111111111111001111111000011111000001111000000111100000111110000111111000001111100000111111000111
1111111111111101111111110011111111001111111100111111110001111111001111000000000100000000000000000000
1111111111111001111111000111111100011111110000111111000011111100011111100001111110000010011000000000
1111111101111110110111110001011110000111111000011111100001111110001101010000110101100011010000000001
1111111111111101111111100111111110011111111001111111000111111110011111100000001100000000000000000000
1111111100111001111111100011111110011111010111111100001101110000111001000111000100111110000011110000
1111111111011001111111101111111110111111111011011111111101111111111010001111100000000000000000000000
1111111100111100111111100011110111101111001111111101000101110010111011000111011100011000110001110000
0000111111001111111111111111111111110011111100000111100100011100110001110011100100001000010000100001
1111111111111100111111111010111110000111111011011111101101111100010111000000000000000000000000000000
1111111111111111111111100111111110001111110000000000000000000000000000100000000000000000000000000110
1111111111111000111111110001111010000011110000001111100000011110000001111000000111100000001110000000
1111111100111000110001100011000100001000000000010000110011001110000101111000011111100001111100101111
0111100110001100011000110001100010000010000010001011101001101111000011111100001111110000111110010111
0111111000001110100000110010000011000000000100100000010010001111101000111110111111111011111111111111
1110011111110000111111000001001100000011100000001111000000001100001001111001001111100001111110011111
1110011111110000111111000001001100000011100000001111000000001100001001111001001111100001111110011111
1110001111110000111110000011111000001111100000111110000011111100001111110000111011000011101100011111
1111001111110000011111001011111100001111100000011110000000111000000011100001011110001101111000110111
1111111111111001111111001011111000101111110000111111000011011110001111111000100100000000001010010011
0000000001000000000000000000001111011100111110011110001000111111001111111100111111110010011111111111
0000000000000000000000000000001110111100111110111100000010111110101111111011111111111110011111111111
1110011111100000111110000001110000000011110000100011000000001100000001110001001111000001111110001111
1111111111111100111111110001100110000110011100011001110001100100000010100000011000001011101000111100
1110000111110010001100011000010001100000110000100010000000111000001011000000001100001010111001101101
1110000111110000011111000000111100000001110000001110000000111100000111100000011111001001111111100111
1111011111100000011110000000111000000001100000000110000000011101000011100000000110000100011100011001
1100001111100011111100000011110000001111000010111100001001111000100111110010011110001001110000000111
1110001111110000001111000000111100000011110000001111000001111100000111110000011110001001111000100011
1100110111100011001111100001111110000111111000011111101001110000000000100000000100000100110010010111
1111000111111000011111100001111110000111111000011111100011111110000111111000011111100001111110001111
1110000111111000011111000001111100000111110000011111000001111101000111111000011111100011111110011111
1110000111110000001111000000111100000111110000111111000011111100000111110000111111001111111111111111
1111001111110000011111001011111100001111100000011110000000111000000011100001011110001101111000110111
1111111111111100111111110011111111000011110000000011000000000000000000000000110010000001000000000000
1111011111111101111111111111110111111111101111111110111111101011100000000010000100001000010000110001
1111111111111100111111111001111110000110100000000000000000100000001111001100011111111000011111100111
1111011111111101111111111111111111111111111111111100000100110000010000000001100011001010001100001100
1111111111111100111111100011111111001111111100111111110011111111000000100000000000000000111001000011
1111011111111001111111000111111110001111111000111111100011111110001111111000111111101000111110100111
1111111111111110011111110110111111010001111100001111111000111110000011110000000110000000111000011111
1111111111111110111111110001111111000001111000000010100001110011000111001000000001000011101111111111
1110011110110111111011001111101100011100111001110011000111001110001100111000010011100000000111100001
1111111110111111111011100011101111001110111100100111100000110000000000000000001100101111110011111111
1111111111111000001111000000111100000011100000001110000000111011000011111100001111110010111111111111
1111111111111110001111111100000111110000111111001111110100101111000010111100000011110000111101000001
1111111111100001111111000111010100001111000000111100000001110000000011100000001110000000111101000000
1111100111111100011111110001111110000011110000000000000000000000000000000000000010000000001111110111
1111111111111110011101110011111110101111000111000100011000000011000001001000000001000000101110000011
1111111111111100011101110001110110000111000000000100000001110000001111000001111000001111001010111001
1110001111111000111111100011111100001110110000011111000110110000111001000111000100011100011110100011
1111000011111100011111100001110000101111110000000010000000001100111111111001111111101001110101101101
0000011111000010111100000011110000011100111111111011111011101101111111110111101111001100100101110000
1111111111111101111111110111111110001111111000000111000000011001000001000000000000000000000000100001
1001011111100100011110000000111000100011100010011110000001111000100111100000111110000011110011011111
1110011111110001111111101111111110001111111000011111000000111101000011110000001111000000101110000010
0111111111011111111100111001110001100001000000000000000110000000000000110100000011011110001000111110
1001011111111100011101111000110000100001000001100100000101110100110101000011011100001110110001110111
1111111111111110111111110011111110000111111000011111000001111000000111000001011100000001000111110100
1111111111111101111111110011111110111111110000011111100001111110001111010000011100100001110010110111
1111111111111100111111100011111110000111110000011111100001111100000111000010011101010001110110011111
1111111111111100111111110011111110011111110000011111100001111110000011011000001101000000110100001111
1111111111111111111111110011111111001111111000001111110001111110000111000000011100000001110000000111
0111111111011100111011110000011001111011000011011100001111110000101011100010001100000000110000000001
1111001111111100011111110001111111001101110111100010001100001000011000000011100000011111000001111000
0011111111101110111111110001111111001011001111000100111100010001110001000111101100001010010000000000
1111111111111100111111110011111111001111000011001100001100000000110000000111000000011100001110111110
1111001111111101011110000001111000000111000000100100001110010000011111000001111100010011110000001111
1111111111111110111111111011111111100111111000011111110000111110000111111000001100000000110010010011
1111111111111110111111111011111111000111111000001111100000111110000111110000011101000001110100110011
1111111111111100111111110011111110000111110000011111000001111110000111111000011101000011110110010111
1111011111111101111111110111111100000111110000011111000001111110000111110000111101000011110110111111
1111111111111111111111110011111111011111001000011100000001110000000111000000000011100000001111101111
1110001111111000111111100011111100001110110000011111000110110000111001000111000100011100011110100011
1111111111111100011101110001110110000111000000000100000001110000001111000001111000001111001010111001
1111100111111100011111110001111110000011110000000000000000000000000000000000000010000000001111110111
1111111111111110011101110011111110101111000111000100011000000011000001001000000001000000101110000011
1111111111100001111111000111010100001111000000111100000001110000000011100000001110000000111101000000
0000110000000011010000000101000010111000001011111100000001111111000111111101011111100101111111111111
0000110000000011000000001100000100110000011011111100000111111110001111111000111111000111111101111111
0011000000000010000010110000001010111000001011111100100011111110001111111010111110101011111111111111
0000110000000011000000000101000110111000011011111100000011111110001111111000111111001011111111111111
0010100000001001000011100100001110011101001101111100000001111110000111111000111100010011111111111111
0110000000011111000001111100000111111000011111100000110000001110000111111000011111111111111111111111
0001110000000111000000011100000001111000100111110000010000001111001111111100011111111111111111111111
0011111000001111000000011100000011111000111111110000111111000011100000111000100011100011111110101111
1000111100000111110000000001000000000111000000011111100011111110100111100010111111111111111111111111
0000110000000111000000001100001011000000001000111100000011111111001111111000011101100111111111111111
0000000011101111111111110111110000000111000000001111000001111110010011111011001100000011110011111111
0001110000000111000000011100000111000000001100011100000011111010001111111100011111100101111111111111
0000000111001101011110111111111111000111000000011111100001111010110111000011011100100011110111111111
0001110000000111000000110000000011000001001100111100010011111111000111111100011111100011111111111111
1111111111111111011111111000111111110011111101110011010110001011100000100110000000001000000000000000
1111111111111101111111110011111110000111111000111110101011110010100100000000000000000000000000000000
1001001111100100111110110001111001001111100001000110001100111001110111000111111100011111110000100000
1001111111110000111111110111111011000111000111011100000111110000000111000000011100000000001111110100
1111101111111100111111100001111100000001110001000111000001110000001111000010011101100011110001000110
0000011111100000111110000011111011000111101111001110001100111000111011000011111100001111110000001111
1111111111111101111111110010111110011011110001101111000110110000011011000001101100000110110000001001
0111111111011110111111111011111111010111100000011110000111110000000111000000001000000000000000000000
0111111111111110111111100001111110000111111001011110000111110000011111000001111100000000000000000000
1111101111111100111111110001111110000111111000011111000100110001100111000000111100000011110000101111
1111111111111001111111100111111110011111000010011100011000000001110000000111000000001000001111111111
0111111111011100111111100001111110001111110001101101100110110000011011000011111100001111110000000011
1111001111111100001111100001111110001111110000111111000011111000001111111100111100100011110010001111
1111001111111000011111110001111111000111111000011111100001111100000011110000011111100001111110110111
1110000011111000001111000000111000000011110000001111000000111100000011110000011111000001111110100111
1000000001111000111111111111111111100111001011000011001000100100100010111010011111101100001111111011
1110000111111100011111000000111101100100111111100000001111000000111100100011110011111111001110000000
1111111111111101111111100111111110001000001110101100111110000011111000111111110011110000001111000011
1111111111111110111111100011110000000111000000001111000000011110001101110000011100000001110010001111
0111101011001000111010101011101111111110110010111000000111100110010110000001011000110111000010010000
1110000111111001111111100011110000001111001000111100100011110011000111011100011111110001111111010111
0111111111011111111100111001110001100001000000000000000110000000000000110100000011011110001000111110
0000011111000010111100000011110000011100111111111011111011101101111111110111101111001100100101110000
1110011111110001111111101111111110001111111000011111000000111101000011110000001111000000101110000010
1111000011111100011111100001110000101111110000000010000000001100111111111001111111101001110101101101
1111111111111101111111110111111110001111111000000111000000011001000001000000000000000000000000100001
1110001111111000111111100011111100001110110000011111000110110000111001000111000100011100011110100011
1111100111111100011111110001111110000011110000000000000000000000000000000000000010000000001111110111
1111111111111100011101110001110110000111000000000100000001110000001111000001111000001111001010111001
1111111111111110011101110011111110101111000111000100011000000011000000001000000001000000101110000011
1111111111001111111101111111010111111110000111100000111000000011100000011100000001100000100000000011
1111111111000011111100001111111001111101101111110000111110000111100000011100000001110000100000000010
1111111111100001111111000111010100001111000000111100000001110000000011100000001110000000111101000001
0000001111000001111100001111110000111111000001101100001111110000111111000011111100010011110001000111
0000111111000011111100001111110000111111000001111100000001110000011111000001111100100101110000000100
0000001110000001111100000111110000011111000011111100000111111010001110101001110000000110000001111110
0011011000000111000000011100010001101110000000011100010000110000100011000011111100111111110011111111
1100011111100001111110000111110000111111000001111100000111110000011111000000111100000000110000000001
1111110001111101000111110000010000000000000000111000000001110000000111000000001100000111111111111111
1111111111111000001111000000111100000011100000001110000000111011000011111100001111110010111111111111
1111111111111110001111111100000111110000111111001111110100101111000010111100000011110000111101000001
1110000111110000011111000000111100000001110000001110000000111100000111100000011111001001111111100111
1110000111111000011111000001111100000111110000011111000001111101000111111000011111100011111110011111
1111000111111000011111100001111110000111111000011111100011111110000111111000011111100001111110001111
0000000000000000000000000000001110111100111110111100000010111110101111111011111111111110011111111111
1111111111111100111111110001100110000110011100011001110001100100000010100000011000001011101000111100
1110011111100000111110000001110000000011110000100011000000001100000001110001001111000001111110001111
1111111111111001111111001011111000101111110000111111000011011110001111111000100100000000001010010011
0000000001000000000000000000001111011100111110011110001000111111001111111100111111110010011111111111
1110000111110010001100011000010001100000110000100010000000111000001011000000001100001010111001101101
1111001011111010110011100001111100101111110110011011111111000010111100001111110000111110000001011000
1100000111110000101110000000111000101011100000101110100010111010000011100001001110000001111100100111
1111001111111000111111100001111100000111100100001111000100111000010111110001011111000001111100000111
1011000000110100000010010011001111001011001101101100110110100110001110111111101011100111101111111110
0000000000010001000011111111001111110000111110000011111001001111010111011111111110101100100000000000
1110011111110001111111101111111110001111111000011111000000111101000011110000001111000000101110000010
0111101011001000111010101011101111111110110010111000000111100110010110000001011000110111000010010000
1111111111111110111111100011110000000111000000001111000000011110001101110000011100000001110010001111
1111111111111101111111110011110110001111100110011111000000001100000010110000011110000000111000000011
1110000111111100011111000000111101100100111111100000001111000000111100100011110011111111001110000000
1101101111110000011111100001111000110011111111000111101100011101000010111000000111000000001111000000
1111111111111101111111100111111110001000001110101100111110000011111000111111110011110000001111000011
1110000111111001111111100011110000001111001000111100100011110011000111011100011111110001111111010111
1111111111111100111111111010111110000111111011011111101101111100010111000000000000000000000000000000
1111111111111111111111100111111110001111110000000000000000000000000000100000000000000000000000000110
1111111111111000111111110001111010000011110000001111100000011110000001111000000111100000001110000000
1111111111111110111111110001111111000111111100001111110001110100000011000000000000000000000011110111
1111111111111111111111110011111111001111111000011111100001111110000111111000011111100001110000000110
1111111111111111111111110011111111000111111000011111100000111110000011111000011110100001111000000100
1111111111111111111111110011111111000111111100011111110001111111000111000000001100000000000000001000
1111111111111110111111110001111111000111111000001111100000111110000011111100001111100000110000000000
1111111111111101111111110011111110001111111000011111100011111000000011000000000100000000001111101110
0111111111111111111111110011111111001111111100111111100011111110001111110000011100000001000000000000
0111111111111110111111110011111110000111111000011111100001110111000111000000010000000011101111111111
0111111111111110111111100011111110000111111000011111100001110111000111000000010000000011111111111111
1111111111111111111111110011111110000111111000001111100000111110000011111000001111100000111110000011
0111111111111100111111110011111110000111111000011111100001111110000111010000011100000001101100011111
1111111111111110111111111001111111000011111000000111100000011110000001011000000101100000010110000011
1111111111111111111111110001111111000111111000001111000000011100000001110000001111000001111100000011
1111111111111100111111100011111110000111111000001111100001111111000111000000011000000001111111111111
1111111111111110111111111001111111100111111100001111000000011100000011110000000111000000011110000001
1111111111111111111111111011111111000111111000011111100001111100000011110000000111100001111110000111
1111111111111100111111000001111000000011100000001110000000111001100111100110011110011001111100000111
1111111111111111111111110011111110001111100000011111000000111100000001110000001111000001111100000111
1111111111111111111111110011111110001111110000011111000001111100000001110000011111100001110000000111
1111111111111100111111100011111000001111100001111100000011111000000001100000110010000001001111110111
1000011111100001111100000111111000000111100000111111000011110000000111000100111111101110011111111111
1100001111100000111110010011111000000001111100000101010000111100000011110000000111010000011100011111
1100000111110000011111000001111100000111110000011111000010011100100001110000100110000011001100011100
1111000001111100000111110000011110001001100000100110000110011000000001110100001111110000111111000011
1100001111100000111110110010111000101111111100001111000000111110001000100100000111100000010011000000
1111100000111110000011111000001111100000101000000111010000011101000001110001000110000100011100011111
1001001100000000111000100011100110000111110000001111000000111100001101110000111111000110111100011011
1111110110111110001011100001101100000010111100011101001111110110001100000100100110000000000101000100
1011111111001111111101111101111111100011111100000101110000010110000001110000000011111000001011110000
1111111111001111111100101111111100011111110000111100000001010000000111100000011111001111111110111000
1101111111111111111100011111110001000011000000001000000000100001000011111000111111100011111111011111
0111111111000011111100000001110001111111000111100010001100000000010010000001101100000111110000000111
1111111100111011111011011111101100111100010111111001111111001111111000100001000000000100000000000000
1100111000111001110011100111101100001111100000011111001001111000000011100000011110001001110010100011
0001111010111111111100011111110001101111000100001000010000100001000011111110011111111001111111111111
1111111111111100111111110011111110000111111000011111110001111110000111111000011111100000111110000111
1101011100110001110010001111000010111000100010000000000110011011111011100111000110101100011111110011
1111111110000001111100000001000011000111101110010110000000011100000111000011011100101100001111110100
1101000011000000001100000000111001111001110011110111000000011111000001100000111110100011110000001111
1110000111111000011111010000111100110001100000000110100000111110000011110000001111000001111110000111
1111111111111110111111110001111111000011111100011111110001111111000111111100011111110000000000000000
1100000000111000000111101000001111110000111110000011111100001101110000110101000011010111101110000111
1111110000111111100011100110001110011000110001100011000010001110001000111000110011100011111111111111
0100111100011111110011011111101100011111110001111110000000111000000001111000100111100111111111111111
0100110000110001100010000111101000011110001101111001110111101111111110100011111011111111000111111000
0011100111111100001100110000110111110011000111001100011111110001110111000111111100001111110000011110
1111001111111100111111100011111110001111111000111111100011111111001011111100001000000000000001000000
1110011111111000111111100011111111001111111110111111111111111111001111110000111100000011110000000000
1100011111110000111111100011111110000111111100111111100011111110001111111000011111100011111110011111
1111001111111100111111110011111110011111111001111111001011111111101111111000111100000000000000000000
