1111011111111100110111100011011110000101111000010111100000011110000001111100010111011011011101101100
1011110011100111100110011100011001100001110111000111001100011100110001000011000110011000011111100001
1011011111111000111111000001111000001111111000011111100001111110000111100000000110000001011001111111
1110111111010001111111000111111000001111110000111111100011101110001000000000000100000000111111001111
1011011001100111000111001000001001100000100111000111011110011001110001000111000110011100011111110001
1001110001110011100000001100011000110001110011100111001110011100111001110001000110000000011101000011
1101111011110111101110001100011000110001110011000111001100011100110001100010000110111000011111100001
1100001111100000001110000001111100000111111000011011100001101110000110110000011111000001111011001111
1001111011100011101100001100011000110001110011100111001110011100111000110011100011001110001100111111
1111111011101111100111011000001001100000100110000111011100011000110001100011000110001100011111110001
1111111111111001111111000011111100001111111000011111100001101110000111111000000111100011011110111111
1111111001111111000110011000001001100000100111000110011100011000110001100011000111011000011111100001
1000111111100001001100000100011000011001100001100111000110011100011001110001100111000110011110011111
1011111111101111011110011000111001110001100111001110001100011000110001100011000110001100001100111110
1111111111111011111111000011111100001111111000111111100001111110000110111000001011100000001111001110
1101111001110111100111101110010110111100110011110011101111000000011100110001110001000010000100000000
1101001001100111110110101110001011110001111111000011111110001101011000110001100010011110000011111000
1011011111011000111111111001111011101110111110000011111000001111100000101100000011110000010001101101
1111111111001100111111110011111101100111111110000111111000011111000000111100000011000000100001110000
1011100000000111101011001111111101111101101110110111101011011110000101111011011110001110110110010011
0010011111111001111011111101000111101100111100000011110000001111000001111000000111000000001100111010
1111001111011100111100110001110011111111000110111100011111111001111111100000000010000000001100000000
0111101111011100011100110011110011001111100100011110010001111001001111100000000100000000011100011001
1110011111111001111101100011110011001111001100111100010011110001001111100000000110000000011000000001
1110011111111001111101100111110110001111001001111100000111110000011111000000000110000000011000000001
0000011111000000000000000100100000111011000111011100011101110001110111000111011100011101110001110111
1111001111101100111111100011111111000111111000001111100001111100000011100000001100000000111110000110
1111111111111001111111000111111110000111110000111101000011111110000000111000010011000001001110000000
1011110111000111001110011100111111110000110010000111001100011000110001100011000110000000001100110001
1101110100100110010010011000001100100000100010000011001000011000100001110010001011011001101101100110
1101111011100011101110001110011000011001000011000110001100011100011001100001101110000111111000111111
1111011111111001111111000111111110000111110000111111100011111100000111100000011000000000110000011011
1111001111110000001111000011111100001111110000011111000001001110000111111101111111111101111111111111
1111111111110111101111011110111110111001100011000110001100011000010000100000000010000000011100111111
1111111111010100111111110011111111100111111010010011101100001111110000010000000011010000010001100000
1111110000110011000010001110001100011100001001100010100110110010011111101001111000100111000000011000
1101100011110010100111100011110010111100111011110111101111001100000000110001000001000010001110001010
1111111111000110001111001000111111100001111000110011101111001000111100100000110010000000001011000000
1111111111111100111111000011111110000111100110001111101001001111100000010111000000011100000000000000
1101111101100111100010001110011000110011110011000110001100011100110001110001000111100100010111010101
1111111011011011111110001110011000011001100011100100001110010000011011000001111100000111111100011111
1111111111100111101110011110011000111001000011000111001100011100100000100010000011001100001110110101
1111011111111000111111100011111110000011111000011111100001101000000100100000010011100011001111001100
0001110001010011100101011111000111100101111011010111101110001110100000111000100011110000001000011000
1111110001000111100100011000010010011101000101100110001110001000111000000001010000000101001100010111
1111110001100111100010011101011100111101110011110011001010001110001000111000100011100010001110111011
1100011111111100111111110011111111001100111100100101100000011110000010110100001011000000001101111000
1000111011110011101110001110011100110001110011100111001110011100011000110000100011100011001111011000
1110011111111001111111100111111110001111100000111111110011001110000100011000000011100000011110000001
1111110011100111000111001100011000111001100011100111001110001100011000100001000000000101101100110111
0000111000110011000110001100001100110011100011001111001000011100000000110000000111100000111111111111
1101111011000111100111001110011000111001111011100111001110001100011000110001000010100100001101010000
0001111110110011110011011111001100111000110011100011001100001100110000100010000011100000111111000000
1101110011100111100110001110001000101001110011100110001110001100011000111001000011000100001110010000
0001110011000011100111011010010100111001111011100011101110001110110000110001000011000100001100010000
1111011111110001111111100011111110001111111100110011110001000111000100011100000111100000001110000000
1000110011100011000111001110111100111001000011100100001110011000111000110001100011101110001111111011
1101101111110110000111001110001000111000110011100011001100001100100000110010000010001111001011111110
1111011111111100111111100011111100001111111000111011100001001110000100111000010011100000001101101101
1111100011111110100110111000001001110001000111000111011100011000010001100001000000011100001111111111
1110011111101001111111100011111100000111111000111111110001101110000100111000011011000001001100100000
1111111111111001111110000111111110001111110000111111100001001110000100011000010011100000001110000000
1111111111111001111111100111111110000111110000111111100001001111000100011000010011100000001110000000
1001111111111000001110001010001100111100110011000010001110001000110000100010000010001000001111111100
1101111111110111100110011110011000110000100011100110001110011000110001100011000110001100011000010000
1111110111110111001110011100011001110001100011100110011110011000111001100001100100000100001100110100
1111111111101111101111011100111101110001110011000111000110011100010001110000000011000000001111100000
1111111111100110011110011000111000100110111010011111001000011100111001110000000010000000001000011100
1111110011100110001110011100111000111001100010100111101110010110011001110000101010000100101110010000
1001100011110011100111111110001110111001111011100111101100011110010000111001100010000100001001110000
0001110011000011100100011110011101101101110011100111101100011110010010111001001011100100101010000000
1110011111111001111111100011111111000111110000011011111001000111000100000100000011100000001110000000
1111011111110001111110000011111111000111111110011111110001000111000100111100000011110000001100000000
1110111111110001111111100011111110000111110100111111110001001111000100111000010011100000001110000000
1111001111100100111111110011111110000111111000011111100001101110000100111000010011000001001100000000
1101110010111010001011111100101110100010110010000011001000001100100000100000000111001000111011100110
0001100011100011000110011100011001101001110111100111011000011100100001100001000011001100001100110000
0001110011000111000001011110111100111101111011110011101110001110011000111001000011100100001100000000
1111101111101100011111110001111110000111101110010011111101001111110000010000000111000000011100000000
1111111111111001111111000111111111001111100000011111110001001111000100011000000011100000011110000001
1101100110100110001110011000011100100010100110001110111001111110000001111000000011100110001111111100
1110011111111000011110110001111101101110111010011011100001001111000100111100010011110000001110000000
1101100011010111000111011000011110101001111011100111001100011100110000110001000011001100001101110000
1111111001111111100110011100011001111001100111000010011100001100010000000001000000001100001111101001
1101111111110111001110011110001100110110110011000111001100001100101000110000000011000100001000100100
1001111011100011100110001110011100111101110011100011001100001100110000110010010011001001001100111001
1110111111000001111111000111111100001111110000110111100010011110001001111000000011000000101001000010
1100001111111000011110100001111111000110111100010011100001001110000000110000000111010000011001111110
1111111111111001111111100111111110001111110100110011100011001110001000111000000011100000011110000000
1111101111111100111111110011111100000111111000011111100001011110000001111000000111000000111000000010
1101111101100111100110001110011101110001110011000111001100011100110001110011000111001000011101100001
1101110000110011001111001101111100100010110010000011001000001000100000111010000011111000011111100001
1001110011100011000110011000011101110001110011000111001110011000110000100011000010001100011100110000
1111111011100111001110001100011000110000110111000111001110011100011001000001100010000100001111110000
1111111001101111110110111100010001110001000111000110011100011000010001100000000000000000000001111101
1111110000111111001111011100111101110011110010000011001000001100100000110010000011111000011111100000
1111011111111001111111100011111110001111111100111111100011001110001100111000000011100010001111000000
1111011111111001111111110011111110000111111000011111100001111100000110110000011011000001111110001101
1111011111111101111111100011111110000111111000111111100001111100000100110000010011000001111111001101
1100111111110001111111000011111100001111110000111110000011111000000101111101110111111011111110111111
1111110011110111100110011000011101100001110011000111001100011100110001110111000111111100011111100001
1001110011100010000110001000011100111001110011100111001110011000111000100011100010001110011100111011
1111110111000011100111000100011110111001110011100111001100011000010000000001000000000100011110011101
1111110001101111000110011110011000111001000111100010011100001000010000100001000100000111011111111111
1100111111110001111111000011111100001111111000111011100011111110000101111000100111100011111110111110
1111011111110001111111100011111100001111111000111111100011001110001100111000100011000000001110000001
1110001111111000001111100001111111000110111100011001110000001110000011111000000111111000111111111110
1111110011101111000110111100001001110001100111000110011100001000010000000001000000001000001111100000
1101111011100011000110011110011000111001100011100110001110011000111000110001000011001110011110110111
1111111111100111101111101100111100110001100001000100000110010000011001000001000111000100011100010011
0001110011110111000110011100111101110001100111000110001100011000100000100010000010001000011000101011
1001111111100111001110001100010001110001100010001100001110011100110001110011100111011110111101111011
1111101000100111000010001000011100010001000111000110001100001100110000110011000011101100111011111011
1111111111100111101110011100111000111001100011000110001100011000100001100010000110000100001001011011
1111110011100111000111011000011101100011110010000011011100011101110001110110000011011000001101101001
1111111111111001111111000111111100000111010000111110000011011010001100100000000000000010001111001000
1100111001110001100100001110011100111001110011100111001110011000010100100001010010011101001011110111
1011111111100111101110011100111001110001100110000110001100011101110001100000000111011110011101111001
1000110001110011001110001100111100110001110001001111001100011110100001101010000110101000011111101101
1111111111110000111111000011111100000111110000111111000011100110000110011000110011101011000110101101
1101111111100111101110011100111100110001100010000010001110011000111001100011000010001110011010111001
1111100000110110001011001001101101100001100010000111001000001101100000110100000111011000011101101101
1110101111011000111101100011110010001111001000111100000011110000000100000000000001100000001111100111
0111001111001000011100100011110010001111001000111100000001110000000000011000010011100111101111111111
1111011111011100111100100011110010001111001000111100000011110000001111000000000100000100010111100011
1111011100111000110011110011001111100100111000000011111100001111100000110000000000000000000010000000
1110000111111000001111100000111111000010111101010001111110001111111000110111100010111110000111111000
0101100111110011001111101110110011111011111001110011100111001110011100111101110000000000000000100000
1110000111111100001111011100011111110110011110011000111010001111001000110001100111010110001000000001
1111110011100111000100011100011000111101110000010110001111011010111111100100111000000011101110000000
1111011111100000111111110011111000101111111110000011110000001001000000111010000111000000001001110010
1011110001100111100010011001111001110101110011000111100110001110011100111001110011100110001111011000
0000110011110011100111000011110010111111111011011111001111111100111011100011101111000110010000000001
1011011111001100111111110001111110101111001100001111110000011110001001111000100110100000011100001101
0101111011100111001111001100011011110000101011111011001111111100110111100001011110000101111001110111
1111011111000000111111110001111000101111111100000111111000011111100001101100000011000000010100011100
1000001111111000011111011100111110101111111010011001111001001111100001111110100110000000011000000010
0001111011100110100111001110011011101101001111011111101111111110111011111001001011000000001100100000
1000001111111000111100110100111001011001111101011111110101000110011100010001110011000111001100001111
0000111011110001100101100111011010110111101011111101100111110110011111010000110011000100011000011111
1000110001111011100000111011111011111111101011110100001111010110001101011001110001100000000000001111
0001001111111100011111111100111010011111101101001111111100111111110011111100000110000000011000000000
1111111111111101111110000011111110001111100000011110000011111111100110011110010000011000000001000000
1111111011010110001111001000110010100111011100010111000001111100001111000000011100001100011111111000
1101100000100110000011001100101011111111011011110111100111011100001111110000111100001111111101111111
1110001111111000001111100000011100100111110010011111011001110101100011100100001111110001110110000111
1001111111100110011110000001101100100011101010001110101000110000011001100011100110001111001011111110
1110001111110000001111010000011101000111110110011100011000111100100011110000001111001001110100001111
1110011111111000111111100001111110000011111010011111001001111101100111000100011111010001111110000111
1111111111111001111111100011111100000111110000011111010011111111110011000110011111010001101111001111
1110011111111001111111100111111110000111110000001100010011110111000111001000011101100000001110000000
1111111111111100111111110011111110000011111000000111101000011100100001000000001111010000111111000111
1101111111110011111111000011111100000111101000011100000011110000001111101000011110100000101110010010
1110111111110011111111000111111010001111111100111100000011010110101101000010000110000000011110001001
1011110001100111100010011110011001101001110110000100001110011010111001101001100010000110001101011000
1001110111100111001110011100111000110001110010100011101010010110001011010001010001001101011100110001
1110011111111001111111100011111110001111100000111110000011011000001111100000000111000000011110000000
1101110011110111001111001100011100110000100011000110001110011111110001000110000010100000001001111010
1011111001101111100110011110011001110000100111000000011100011011110001101010000011000000001101100001
1111011111111000111111100001111110000111111000011110000001111110000111100000011010000000001110000000
1111011111111100111111100011111110000111111000001111100001110000000011011000001100000001110011100000
1111001111111100111111100001111110000011110100001111010000111111000011010000000101000000111111000011
1011111011100111001110011100011101110001100011100100001100011010111001001110101100000000001100010000
0000111011110001101110001100011100111001110011100110000110010000011011000001111110000111111110011011
1101111011100111001110111100110000110001100011000110001110011001110001100001000010000100001000111001
1111011111111000111111100011111110000111110000001111100001111100001111110000001111000000111110000111
1111011111111000111111100001111110001111111000011110000001111110001111101010111110000000001111000000
1111011111111000111111100011111110000111111000001111100001111000000111110000001111000001110110000111
1111111111100111100110011110011000111001100011100011001100001000110000100000000010000000001000111000
1101110111110111001110001100111001100001100001000010001100011001110001101110000111111100011111110001
0001110011100111000110011100111001110001000010000110001100011011110111101111011010110110111111111111
0001111011100011101110000100011000110001100011100110001100011000011011100001101100001111111100111011
1011111111100111001110011100111100110001100011000110001100010000100001000000000000000000001011010001
1111101111111100011111110001111110000001111000011111100001111110000011010000000111100000011110000011
1110111111111001111111000011111110001111110000111110000011111100000111100011011110000000001111001001
1111001111111100111111110001111110001110111100011110000001011111101101100000100110000000011110000001
1111011111111000111111100011111110000111111000001111000001110000000111010000011100000001110000000111
1111111111111001111111100011111110000111100000001111100000110000000111111000011101100001110000001100
1110011111111000111111000011111000001111100000001110000011110111000111001000011111100001111110000111
1110011111111001111111100011111110001111111000011110000001111111001111000000100110000000011110000001
1111111111111100111111100011111110000011111100001111010011111101000111000100001100100000110000000011
1111111111111100111111110011111111000110111010111000001001100011000110100000000011100000001100000000
1110011111111001111111000011111100001111111100111010010011001110001110100000110010000000001110000001
1100111111110001111111000111111000000111001100011111110011110001000111111100011111100001110010001100
1111101111111100011111000001111110000111110000011101010000111111000000001100000001110000001110000000
1001111011100111001110011100111101110000110111100000001011011110101000010000000011000110001101000000
1011111011100111001110011100111000010001100011000111001100011000110001000000000010000000001000110001
1110111111110011111111000011111000011111111000111101000011111100001111111010011111100000011110010001
1110011111111001111111100111111100000111110000111111100011110100000111110000011111000000111100011011
1101110111110111001111001100011100110000100010000100001100011101110001110100000111111000001111100011
1101111101100111100110011110011000100001110011000110001100011000010001100001000111010100011101010101
1110011111111001111111100001111110001111111000111101000001111110001111000010111111000000011100000001
1111011111111001111111100011111110001111000000111100110011110000011110111000000011100000101110000010
1111111111111100111111100011111110000111111000011111010001111111000111000100011111110000111110001111
1111011111111100111111100011111110000111111000011100000001110000000111000000001111100000111110101111
1111111111111001111111100011111110000111111000001100001001110000000111000000011111110001001110000000
1101100001100100000010001100001101100001110011000111001110011001111000101111000011111110001011110001
1111111111111001111111100011111110000111110100011111010011111101000111000000011111000001111000001111
1110111111110001111111000011111100000111100100111111110001111001000111111000011111100001111110001111
1111011111111000111111100001111110001111000000111110110011111000001101111000000011100000001110000010
1001111011100111001110001100111100110001110010100111001000011100110001110111000111001100011100110001
1101110011100111001110001100011000010001010011000110001110010100100001110011110111001111011000111101
1101100000110110000011001100001100110000110010000011001000001100100011100110000110101011111011110011
1111111111111100111111110011111100000111101000111111110011111101000111110000000011100000001110011111
1101111011100111101110011110011000111001100011000110001100011000100001100001101110000111111001111111
1101110111110111001111001100111000110001110011100110001110011000010001100001100110000100011000111011
0001100011100110001111011100111101110011100010000110001000011000100000101010011010101111111111111111
1111111111111101111111100111111110001111111000111111000011111010000111100000011110000001001110101101
1111111011100111001110001100111000100001110011000111001100011100110001111111000111111100011111110111
1011111111010111110100111100010111100011111100001110000000111110000000111110000011111000001011110000
1000111000110001000011101111011100111101110011110111001111011000111001101001000110000101000011010001
1101100000110111000011001000001110111000101011001111001100111100100010110001100011000111001100111100
1111111111111001111111100111111100000111110100111111010011110100001111111000011100100011100000000000
1111011111111000111111100011111100000111110100111111101001110001000111111100011011100001001110001111
1111001111111000111111100011111110000111111000111100001001110001000111001000011111000001001110001101
1101110011100111001110001100011000000001010011100111101111010100111101110011100111000110001100111001
1110011111111001111111100011111110001110111000111011100001100110001111001000000011100000001100000000
1110011111111001111111100011111110001111111100111111110011111111000110101100000011100000001110000000
1101111011100111001110011100011000010000110001000111001100011000111001100011100110000110001100111000
1101111011100111001111011100011100110000110011000111001000011101100001110000000011000100001100010000
1110011111111001111111100011111110000111111100011111000001111100000111100000001110000001111110001111
1111111111111001111111100111111100001111110000011111000011111110001111111000011111100001111110001111
1101111011110111101111001110011100110001110011000111001100011100100000111000000011101000011111111101
1111111111111000111111100011111110000111111000001111100001111110000111011000001111100000111110000011
1101111111100111100110011100011000110000100000000010001000001000110000110001000010000000001000100000
1111101111111100111111110001111110000011111000001111000001110000000011000000001100000000111111000111
1111011111111000111111100011111110001111111000111110000001111000000111011100100111110000001111000000
1101111011100111001110011100111000110001000011000110001110011000110001100011000010001000011010110011
1101100001110110000011001000001100100001110010000111001000011101110000111111000011101100011111110001
1100011111110000111110000001111100001111110000111110000011111000000100111000000111110010101111011110
1111101111111100111111110001110010000011000000011110000001111000000011110000001111100011110110101111
1110011111111001111111000011111100000111110000011111000011111100000111110000011101000001110100000000
1011111001100110000010001000001001110000110111000111001100011101110001110110000111001000011111100001
1101111011110011001111001100111000010001100001000110001110011100111001100001100110000100011000111011
1011110011101111000110000100011000110001100011100110000110011000011101100001000110000100011011111011
1111111111111100111111110001111111000011111000001111100001111000000011100000000111000000111111010111
1111111111111001111111100111111110001111111000011111000011111100001111100000011110000011111110101111
1101111011110111001111011100111000110001100010000110001100011001110001110111000111011100011111110001
1111011111111000111111100011111110000111110000011111100001111110000111111000011100110000001111000000
1101111011100111101110001100011000110001100011100110001110011000111001000001111111001100001100110000
1111001111111100111111110001111111000111110000011110000001111110000111101100000111101000011110000101
1101111111100110011110001000011000100101110000011001101001101000100111110000001111100000000000000001
1111111111111100011111110001111111000111111110011111101001110110100101011110000101101001100000000000
1111111111111100111111100011111110000111111100011111100001110100000010010000011000010000000000000000
1100111111110000111111000011111100000111111100111110110011110100000111011010011100111000000110000000
1110011111111001111111100011111110000111111100001111010011100101100110010110011000011000000000000000
1000110001100001000010100110000010101100100010110011001011001110010100111001010011100111001101110001
1110111111110001111111000111111100000111110000011111000011111100000111100000011111000011111110001111
1111001111111100111111110001111111000111111100011101110000110111000111001000000111100000001100000000
1001110011100011000111000100001000110001100001000111000110011100011001110001100011000110011100111011
1111111011111111001100001100110000111001000001100001000100010111010001001110000000001000000000011000
1100111011110011101111001110011000110001100001000110001100011000010001100001010010000100001010110000
1101101000110110000011001000001111100000111111100011111100011111111000101001110010000111001010100101
1100000011110000101111111010111101101111111111011101111101110011110000010010000011000000001100100000
1100111111110001111111000101111100000011011110001100111011110111101111001110011100111011110000000000
1110111111110000111111000001111100000111110100011111010011110110101111011010011100101011110000000000
1001111111100111111110011000111000000011111110011111101001100110100111011010011111101000111000000001
1111111111111100111111100011111110000011111000111111100001001110000110110000000011100001001001101111
1101110111110111001110001100111000010000100011000011001100000000110000000001011010000011001000001001
1111111111111001111111000111111100001111110000111111000011001100001110100000010011000001001110101111
1111111111111101111111100111111110001111111000111111100011011000000100100000000011000000011000000000
0011110011001011011100011000010001110011110111001110001100011000110001100010000100001000001000110101
1001110011100110001111100100010111101110000110111000110011100111001111011101111101111111110010000000
1111111111111100111111100011111110111111101111110010111110001000000001000000000100000000000100000000
1111011111100000111110011101111000111111100111110010011111001000100000100000000110000000011000000001
1110011111111000111111100011111011100011000001111111100111110000111011000011100100011110000000000000
1101111111100010111110001001011110000100001110011000111011000011101100011110000001111000000000001111
1111011111111000111111100011111100000011101000111111000111101110000110110000011000000000000000000000
1101111111100111101110011100111001110001100111001110001100111000100001100110000100000000000000000000
1101110100110111111110001111111000110000010111000010011100001100110000100010000010000000011100100011
0001110011001111001111101001010011100011100110001110011100011001110001000010010000001001000000100000
1111111111111001111111000111111100001111110001111111000111001110001100110000000001000000001000000000
1111011111111001111111100011111110001101111000110011100000011111000001100000000110000000000010000000
1111111101111100110111110011011111001101111000101111100000111110000011110000001110100010111010101001
1111011001111101101111110110111110011011111100001111100000110000000011000000001110111000111011110011
1111111101111001110111100011011111111101111110110111111000011010001001100000100110000010011001011001
1110001110111100111011111001011110110101111011010111101100011110000011110000000110001010010010101001
1111111101111001110111100011011110001101111000110111100010011110001001111000100111010100010001010101
1111111101111001110111100011011111001101111000110111110000011110001001111000100101010000010001000101
1110001101111001110111100010111100001011111000101111100010111100000011110000001110000000110110000011
1111111101111001110111100011011110001001111001101101000000110000000011000010101100111010110011111001
1111111101111001101111100110111110011011111000101110100000110000000011100010001110111010110011111001
1111011101111001110111100010111111001011111100101110110000111000001011100100101110010110011011111011
1111111101111001110111100110111111111011111011101100000000110000000011000000001100110110110011111011
1110111101111001111111000110111110001011111000101111100000111100000011110000101110110110011011011001
1111101101111100110111100011111110001011111000101111000010111100000011110000011111000001111101010011
1110111101111001110111100011011100001101110000110111100011011100001101111000000111000001011111010101
1110011110111000111011000011111100001111111000110111100001011110000001111000010111100001011111000101
1111111101111001110111100110111110011011111001101111100000111100000011101010001100111010110111111011
1110111101111001110111100011011100001101110000110111000011011100001001110000100111000000011011010001
1110111011111001101111000110111100111011000000001100000000111000000011101001001110110100111111011010
1111011101111001110111100011111110101011111010101111101000111100000011110000001100110010110011011001
1111000110111000011011100101111110000001111001010111100100111100000011100000001101100000111100010011
1110001110111000111011000011111110101101111010010111001001011100000011110000001110101010111010100001
1111011101111000110111100010011111001011111101001110100000111010001011100100100110010010011011111001
1110111101110001110111100110011111111001111111100111111000010001101001000010000100000100000011010000
1110001110111000110111110011011111111101010110000110011110110001110011001111001100111100110100101000
1110001101111100110111011111010001111001001110001100011000110001100011001010000101111000010111111001
1111011110111000111011110011101111111101010111110100011101010001111001000110101100101000110010101001
1110111011110001001111110100111101110011000111001100111000110001010011000001001100110100111011011011
1111000101111100010111100000111110000011111000001111100000111010000111011000011101001001111101110011
1111111101111001110111100111011100001011110001101111100000111100100011110011101110111110011011111001
1111111011111001101111100110111100000111110000001111100001111010100111101110001110110000111111110011
1111111011111001101111100110111100001011110000101101100000110001100011001100001100110000110111110011
1111111101111001110111100110111110001011111000101111100000111000000011100010101110111010011011111001
1111111011111011101111100110111110011011111000101111100000111100000011110100101110110010111011001011
1111111101111101110111100010111110001011111000101111100000111111001011110100101110110010111011001011
1110011111110001101111000010111100001011110000001111100000111110000011101110001111110000110111110011
1111111011111011101111100110111100001011110001101111000000111100000011111010001110111010110111101011
1100001110100010011111000000111100000011110000011111000001111100000111111101010111110101111111010101
1111111011111001101111100110111100001011110000101111100000111100000011110010001110110010111011101011
1111000011111100011011111001101001110110111000000111000000011100000001111000001111000000010100101001
1111111011111101101111100110111100001011110000101111100000111110000011010010001100101010100010101010
1110111011110001101111100110111110011011111000101111100000111100000011010010001100101010101011101010
1110011011111001101111100110111100001011110000101111100000111101010011110100001100110010011011011001
1111011001111101101111100110111110001011111000001111100000110001100011001110001100110000110111101011
1111011001111101101111110110111110001011110001101111100000110001100011100110001100101010110010111011
1110111011110001101111100110111110011011111001001111100100110000100011000110001100110110110011011011
1110111101111001110111100011011111001101111101110111100100011000111001100111100110011110011011111001
1111111011111001101111100100101111010010110101001100110001110001010111001101000100101100010111110001
1111111011111001001111100100111111010011010101001100000000110001100010100011001010101000101011100010
1110011011111001101111000110111100001011110000101111000000111100000011110100101110110010111011011001
1100011110100000111100001001110000000011010000101111000010111100000011111000010111101100011111010101
1111111001111001101111100110111110001011111000101111100000111110000011110010001110110000111011110011
1111111001111001101111100110111100001011110000101111000000111110000011110010001110111010111011111011
0001111111000111111100011111110001111111000111111100011111110001111111000111111100011111111001111111
1111101000111100100011100000001110000000111001000011100000001110000000111000000011110100001111110111
1111011000111100100011100000001110000000111000000011100000001110000000111000000011110100001111110111
1111011100111000010011100001001100000100110000010001000000001100000000111100110011110011111111111111
1111111000111100100011110000001110000000111000000011100000001110000000111100000011110100001111010111
1111101110111110100011110000001111000000111100000011100000001110000000111000000011010010001100000000
1111001111111101111111101011111110000111110000000111000000011100000011110100101111000010101010000000
1111111100111100100011100000001110000000111000000011100000001110000000111000000011111011001101111111
1111101111111101111111110111101110000010111000001011001000011100000001100100000110010000101000001010
0000011111000011111100000011110000000000000000111100000111111110001111111100011101111111111111111111
0000011111000001011100000111110000011111000000001100000000010000000000000000111100111011111111111111
0111111111001111110100000110010000001111011000001111100011101111001111111100111111101011110000011111
0000000000000000000000001100000000110000000011000001001101111000111111111010111100111111111111111111
0001111111000011111100000011110000000101000000011100100011111110001111111010011100010011110011111111
0101111011001111110000011111100010011110000000110000000001110100000111010000011111000000111000000111
1111111111111111111100010011110000001101000100111000010001100110000111001010111110000011111111111111
1111111111011111111101110011100110000000011000001101100000111110000111111010011111000001111111111111
1111111111111111111111100011110000000111000000011110000011111100001111110000111111000001110000100111
1111011110111100010011110001001110000000111000011011100000001111000000111110001011110010101111101111
1111001111111000111011100001101110000110111000011111100000001110000000111000000111101101011110110111
1111001111111000011011100001101110000110111000011111100000001110000000111100110111110011111111101111
1111111111111111011111001001111100100011100000001110000000011000000001100000001111000000111000000001
1111001111111100011011000001101100000010110000001111000000001100000000111010010111101011011111111111
1111001111111100011011100001101110000110111000011011100000001110000000111101000011110101111111111110
1111001110111100010011100001001100000000110000011011000000001110000000111010111011101011111111101111
1111101110111100010011000001001110000100111000001011100000001110000000111110110011111011001111001111
1111001110110100011011000001101110000110111000001011100000001110000000111110010111110001001111110111
1111001110110100011011000001101100000100110000101011000000001101000000111100000111110011011111101111
1111001110111100111011000001101100000110110000001011000000001100000000111010110011101011001110101111
1111001110111100011011110001001110001100110110110011000111101100000011110000001011000000001000000000
1111001000111100000011110000001110000000111001000011100000001110000000111100000011110100101111111111
1111001100111000100011000010001000001100100000010011000000001110000000111100000011110011101111101111
1111001100111100100011100000001110000000111001000011100100001110000000111100000011110001001111111111
1111001110111100110011100001001100000100110000010011000001001110000000111000000011110011001111101111
1111011101111100110111110011011111001101111100010110100000101000001000100000100010001011011001101101
1111101101111100110111110011011110000001110000100110000010011000101001100000100110010011011001011101
1111001101111000110111110011011110100101111000100110101010011000000101110001010010000111001001011100
1110011101111000110111100011011110110101111101110111110010011010001000100000100010010011001001001100
1111100001111110000111111000111111110010110010011111001110001101000001110101110110000000010100101001
1000000011100000000100000001001110000001111111000011111111100110011111100000000111111000111111111111
1111111101111100110111110011011100000101111000000110100000111000001001100010100110001010011000111101
1110011011111001101111100110111111001011110001000110100100010000111001100010100110011110011011111001
1111000111110110011011011110111101000001110000000111000000011100000101100010110110001011010111101101
1110111101111000101111100010111101001011111000001111000110111010001001100001100110010100010001110101
1111001110111100111111100001111111000101111100000111110000011010001101110000010011000101001001110100
1111111101111100110111110011011110000001111000000111100000111110000001100010101110001010111010111001
1111001101111100111111100001111110000101110000010111100010111100001001110101000111010101011011011101
1111001111111100110111100011011110000101110000000111000000011100001101111000000111000001011100000101
1111111110111100011111110001111110000111111000001011000000111100000101111000010011100001101111000110
1111111011111100101111100010111110001011111000001111100000111000000011100010001110101010110011111011
1110111101111001111111100110111100001011111001101111000110111000001001100010100110001010011011111001
1111011011111001101111100110111110001011111000001111100000011100001001100100100110010100011011111101
1111111101111100111111110011111110001111110000001110000000111110000011111000001111000000011000001101
1111011101111000110111100011011110000101111000100111100010011100001001100001010111010101011001111101
1111101111111110011111110001011110000101111000000111100000011110000001111000010111000101011100010101
1111111111111110110111110011111111001011111100101111100000111100000011110000101111000010111101111001
1111011111111001111111100011111100000011110000111111100011111110001011110000101111010010111011101011
1110111111110011111111000111111000001111100001011111000101111100000111110000011110101010111011111011
1111010111111001111111000011111000000111100000001111100000111100000011110000011111000001111100101111
1110111011111001101111000110111100001011110000101111100010111110001011110000101111000011011100111101
1111111111111101111111100011111100001011111000101111100010111110001011110000001111110000011011111101
1111111111111101111111100011111110000111111000101111100010111110000011111000001111010100011111011101
1111111011111001101111100110111100001011110000001111000000111100001011110010101110101010111011111011
1111000001111100111110011001111001100011100000001111000000011100011011110000001110000000110000100111
1111101101111100110111110010111111000011111100001111110000111110000011100000101111000110111001111001
1111011111111001101111100110111110001011111000101111100000111110000011110000001111000010011001011001
1111000101111100111111000001111100000101110000001111100000111110000011110000001111000000111010101101
1111111011111001101111100110111110001011111000001111100000111110001001110100100110010010011001011001
1111011101111001101111100110111100001011111000001111100000111000001001100100100110010010011011111101
1111001101111100110111100011111110001011111000001111100010111110001001100000100110010010011011111101
1110011011111001101111000110111100000111110000011111000001111100000011001000001100101000110111111011
1111100000111011000011100000111110000001110000000111110000110001111011010000111111111000111111111001
1111011111111001101111100010111110001011111000001110100000011000001001100000100110001010011011101001
1111101110111100110111110011011111001101111111110111001101011111110001010011100100001110000000101000
1111011111111000111111110001101111000010111111101011001101001011111100100011110010000101001000010010
1111001110111100111111111011011110111101111101100110010010011000000100110000010011000001000101110100
1111001110111100111011110001101111111110111011100010011011011000001101100001010010000101001000111110
1111101110111100011011110001101111000010111111100111111010011110101101001010110100000001000000100100
1111101110111100011011110001101111000110111111100011001110011111101001011010110100000011010000000100
1111011111111100111111100001111110000111110000001111000000111100000101110000010111100001101111010110
1111001111111000111111000101101100000000110000000011000000001100000001110000001111100000111111010011
1111011111111101111111100011111100000111110000001111100010111110001011110010000111011101011101110101
1111111101111100110111110011011110000101110000000111000001111110000001111000010111110001011101001101
1111001111111100111111110001111111000101111100000111110000011111000101110000010111101001001101110110
1110101111111001111111000001111000000011100000001110000000111100000011110000001111000011111110100011
1100110111110011011111000101111100010111110000011101000100110000010011001001001110110110110011011011
1111011111111001101111100010111100000011110000001111100000111000001001100010100110011010011011111001
1111000111111100011111100001111101100001110000001111000000111100000011110000001110001010111001101101
1111011111111101111111100010111110000011111000001111000010111100001001100010000110010100011011110101
1111000011111100001111011000111100101001110000100011000000001100000001110000011100011011010001111101
1111011101111000110111100011011100000101110000000111000010111000001001100001100110010101011001110101
1111000101111100010111110011011111000101111111110111010111110111011001000100100100011010000000101100
1100110111110011011111000101111111110111010110011101111101110001010011000010001100111000110010111011
1110011110111000111011100001101110000110111111110011011100000011111101000111110100001111000000010100
1111011101111001111111110010111111111011111101001110100100011000001001100011100110010100010001110001
1111101101111100110111111011011111111101100111000110010110011000010001100010100100001010010010111001
1110111011110001101111110110111110001011111000101111100000011100010001000001001110100110110011001011
1111011011111001101111110010111101000011111000001111100000111100000001110010000110101100011011110101
1111001101111100111111100011011111001101110100010111000000111100000011110000000111000010011001101101
1111000101111100010111100011011111000111100101001111110100111101010011110000001110000000110100100011
1110011101111001110111100011011111001101110110010111011000011100001001110000100011001010001001101100
1111000010111000011111110001110111000111001100011110110100111111010011000000011100000100110001010011
