1111000011111000001111110001111111001111111110111111111010000110101000000010100000010000000010000000
1111000111111100011111111011111110000111110000011111000000011110000011111000000011100000111110000011
1111111111111101111111100011111110011111111000111111000111001100011111000000000000000000000000000000
1111111111111110111111110011111111101111111111110100001111110000111111000000000000000000000000000000
0000011000001001010000011100110001110011000011111000001111100010101111001110001100011001111001100111
1111111111111100111111110011111100000111110000011111000001111100000111110000011111000000111100000111
1111111111111111111111111111111111000000000010000001001111010001110001000111000000001000000000000000
0000100000000001000000001100000000111001111111111111111111111111111111111111111111111111111111111111
1111001111100000001110000101111010110111001000001111101100110100000011000000101100000010110000001011
1111100111111000001111100000111111110011111111001111111000111111100000111100100011110010011111011000
1110000111111000011011100000101111000110111100011011110001111111000111011100011101110001110111000111
1111111111111111111111110011111110001111111000111100000011110000000011000000001100000000000000000000
1111100111110000011111010001111111001111110000001111000000111100000011110100001111010000111111000001
1111111111111100011111110001111111100111111101001111100101111100110111100011101111000001110010000011
1111111111111111111111111011111111000111111100011111110001111111000111111100011111100001111111010111
1111101111111100011111110001111111000111111100011111110001111111000011111100011111110000111111000111
0000000000000100000000000100000000010000000111100100011111111111111111111111111111111111111111111111
1111001111111100111111111011111111111111110000011110000101111000001111111000011111111001111111111111
0000000001001111111101111111110000000000000000011100011110000000000111000011111100011111110011111111
1111011111111100111111110011111111001111111000011111100001111110000111011000001111100011111111001111
1111000111111100000111110000011110000111110000111111100011111011001111110100011111000001111110000111
1111011111111111100100000000011111110000111111110000111011110000001110000000000000000000000000000000
1111111111111101111111100011111100001111110000111110000011111000000111100000011110001001111000001111
1000000111000000011100000000110111000011010001001101000100110100110011000011001111001100111101111111
1000000000100001000010000110000000111000000011100000111111111111111111111111111111111111111111111111
0000000111000000111100011011110000101110000110111000010001100000010110111111111111111111111111111111
0010111101110111110110110011110011001110100100100010110011101011001100101100110100110011000011001100
1111001111110000001111000000111100000011100000001110000000111001100011100110001110011100111100111011
1110100011110001001111000000111100000011110100000111010000111110000001110000000111000000011110000011
1110000000111111000011111111111101100111110100011111100001001011001010110000011111100011111110001111
1111000000101111111011010111101001111100110011111111001110001001111001100111111111010111111100001111
0000000110000000011100000101110011110111010111111100000100110001110011001111101100111110110011010011
1101000011110100000111000000111100000011110100001111100001011110000111011000011101100000110010000111
1111111111111110111111110011111111001111101000111110000001110000001111000000000000000000000000000000
1100000000110010000011011000000101011000000111100000000110010000011111111100111111111111111111111111
0011100001000100001101011111110001000111100100011111100000111110000111111000011110000001110000000011
1111001111111100111111110011111111111111111100001101110100000110010000000000000000000100000000110000
0011111110001111111000110111001001001000100100100010010111000001011101001110110000111011000000000000
1111001111111000001111100000011100000101111000110110000010011000000111100000111110010011111001000111
1111111111111010011111111000111111100111111111111111111011110000110000000100011111100000000000000000
1111000000100100000010001100000000110001000011000010001110001000111111011111111111111111111111111111
1111111111111111111111110011111111000111111000000111100000001110001111111000111111100011111110001111
1111111111111110111111111011111111111111111111110111111111010001110001111111011100001000000000000000
1111101111111100011111010000111100000011110000000111110000011111000001111100010111110011111111001111
1110010001100110000010000000001000001111100000111110100001111010000111111000011111001100111100110011
1000000000110000011111000001111100110000110011000011001110001110111000100011100011100000001111100100
0111111111011111110101110010110100000011010000000101000001110100000001010000000101000000010000000000
1110000111110000011111000000111011000011011100001100110001111100000011111000001111110000111111000111
1111000110111100001011110000001111100010111111001011111100001111100000111111010011111001001111100000
1111000111110000000111111100011110110001110000010111100001001100000101110000001110000001111010000011
1100000011110010100011001110001000111000100011000100001111110001111111000111111100010111111001111111
1110000011110000001110000000111000000001100100000110110001011111000011110000001111101110111100110011
1110000001110001100011000110001100110000110011000110011100111000111111100011111110001111111001111111
0000001111001111111101111011110111000011011100001111110001110111100111011110111101111011111111101111
1111111111111111111111110111111110001111111000111111000001111100000111110000011111100011111110001111
1111111111100000001110000000110001100011001111001100111100111100110011100001100010000110001001111000
0000000000000011000000110011001111001110111101111011110111111110011111111000010011000000000000000000
0110011111011000001101100000110111110111011011111101101100100100110000000011001011111111101111011111
0100011100010000111101000011110100001100001000110000100011110010000111011111011111111111111111111111
1110001111111001111111100011111110001111110000111111000011111100100111110010011110000001111111111111
1111111111111100111111110001111111000111101000011011100000011110000111000000011100100001111111010110
1000000111100000011110000000011000000011100000011111000000111100000011110000001111111111111111111111
1111000111110000011111000001111101000111110110011011001011101100001100100000110000000000000000000001
1111111111110001111111100011111110001111111000011111100001111100000111000001111100000011110001000111
1111000000111100000011111000001111000000111110000011111000001110000000111110111011111011001111101100
0111111110010101111100000111110001101111000000111100010010001001101000100111110011111111111111111111
0001000000000001000000001100000000100011111100111111110011111111111111111111111111111111111111111111
1110000111110000000111000000001100000000100000000110000000111000000111100000001111000000111110000111
1100010111100001001110000000111000000011011000011111100001111110000111111000011111110000111101100111
0011011111001100110000110011000011001110001101111000111101000111101110011110111000111101100000000000
0011110000011110000001111000001111000000111000000111000000011100000011100000001111000001110111000111
1111000110111100011011110001101111000010111110010011111001101111000110011100010011100000001110000000
1111101111110110111111011001111100000011110011001111001100111100110011110110001100000001111111111111
1111111111111110011111111000111110000111111000001111100111110000000111010000011101100001110111100111
1111111100111100110011100011001111111101111100110011110011001111000001111000001111000000110101001111
0000000000000100000001110011001111000110111100111011110011101111001110111100010011100000001111000000
1111001111110000000100000000001010000101111000011111100001111110000111111000001111100100111110010011
1111111111111111111111111111111110000011111000001111100000111100000111011000011101100000111100000011
1111100111111100011111100000111100000011111000001111110000111111000011111000001111100001111100100111
0011111110001111110000111111100001101000100100100000010111000001111011001111110000111111000000110000
1111111111111110111111111011111101100000000100000100001000000001000011010010001100010000000011100000
0111111000001100000000001011000000000111001111111101111111100001111000000111111000010000001101011100
1110000000111001111111000011110000000000110001000011100110001100011001110000111111000000011111111110
1111100111111111011111111100111111000111111000011111100000011100100001110000000110000000011100000001
1110000111110000001111010000111111000011101100000111000000111100000011110000001111100000011110000111
0000000000000010000000000000000000001100000011110001111111111111111111111111111111111111111111111111
1111111111111101111111100011111110000111110000011110000001110000000111000000011100000001110000000011
0000100111000110011100000001110110000111001111111101111010011111001100111110100011111010001111100000
1111111111111000011111111011111110000111111000011111100001111110000111111000011111100001111110000111
0001000000000000000000000000000001000111111100111111111011111111101111111111111111111111111111111111
1111111111111110111111110001111111000111111100011100000000110000000111111110111111111100001111110000
1011111111101110111110111011111011001111100100111111110001111111100011000000010100000001100000000111
0011111111001110111100110001110011000111001100001100110001110011000111111100011111100001111110001111
1110000000101001000011100110000000011100000011100000001110000000111111111111111111111111111111101111
1111000001111100011111100000011110000111111000011111100000111110000001111100000011110011101111011111
1100011111110001111101000011010000011000000000000000000000000000000000111111111111111111111111111111
1000011000100011100100011111000001101110100110100010110010000011001100001100100001110110000011011000
1111111111111101111111100011111101001111111000111111100011111110000111000000011001100001110000000000
1000000001100001100010011110001100111000100001000111001110111100001111110001111110110111111111111111
1111111111111101111111100011111110000111100000011110000001110000000111100000011111000001111100000111
1111001011110000001111111100011111111101111110101110000011111000010111100001001110010000111001100011
0000000000001111110001111111100101111100111111000011111111111111111111111111110010100000001000000000
1111000011111100000111110000011111000001111100001111110000011111000011111100001111111001111111111011
1111101111110001110010000011101000000110100000011011000001111100000111111000011111100001111111000111
0000000001000000000000000000000000000011111000001111100011111110001111111100111111110011111110001111
1111111111111100111111110011111111111111111111111111011100001111111000110000000000000000001000000000
1111111111111111111110010101111000011011101001101110100100111010100111100000001100000000110000111111
1111111111111000111111100000111110000011111011111111011101111110010001000000000100011100110011110011
1111001111111100011111111011111110000011111000001111100000111111000111011000011101100000111110000111
0001001111000111110100111101100011111110001111111000110001100111001110111100111000000001100000000000
1111111111111111011111110000111111100000111110000111100000000000000000011111000011111111001111110000
1111011111011001111101100011110110000111000000011110000000001000000000000110000000000000000011000000
1111111111111110111111110001111110000111111000111110100001110010000111101000111100000011110000000000
0000000001100110100010011010001001011000100001001110000101111000011111100001111110001111111111111111
1111111111111111111111110011111111001111111000011111100001111110000111111000011111100001111110000011
1111111111111100011111110001111111000011111100001111111001111111000011000000000000000000000000000000
1000000111100000000110000000011000000001100000000100000000010000000001000000000010000000001111111111
1111111111111111111111111011111111000111101000011110000011110000001101000000000000000000000000000000
0110000011111000001111001111110000111101110011101111001111111100001111000111110111011110111000000000
1111111100111111000011111000001111000001111000000111000000110000001111000001111100001111110001111111
1111000111110000001111000000111010000111101000010110100000111100000011110000001111100001111110000111
0100001101010001110100110001010000001001000000000000000000000000000000111111111111111111111111111111
1111110011111110000011111100001111100000111100000011110000001111000000111100000011110000001111000000
1111111111111111001100001111110000111011001111110000100110000001100000011100000001000000000000000000
1111001101111000000111100010011111100000111110010011111010001110110000110011000011101000011110000001
1111111111111100111111110001111110000011110000001111000000111100000011110000001111100000111110000011
0111111111111111111111110001110111001111101100110010100001101010000110001000011000100001100111001110
0000000000000000000000110011101111001110111110111011111011111111011111111000011011000000000001000000
1111110000111100000011010100001111011001001111100100001100000001111100000111111100001111111111101111
1111000111111100011111110001111110000111111000011111100001111100100111110010011111001001111100100111
0000000011000000011100000011111111001111111001111100001100000000110000100111110000111111101111111111
1111010011111100001111100000001111100000111100000111100000011100000001111000000111101000011110110011
0000000011000000011100000011110100110000010011111101011111110000110011000010011100000111110001001111
1101111001110000100111000010011100011011111011101111100100111111010011011000001100000000110000000000
1111111111110011111110100111111000001111110000001111000000011100000011110000001111010000111100000011
1000011000000001100000011111101001100110100110100000111010000011011100001100110001110110000111111000
0111110000111111111111111111001100111001110000000110011000010001111010000000011010011111111111111111
1110011011111001001111000000001100000000111000000011111000001111100000110110000111111000011111100000
1111111111111111111111000010111110011111110001111100001100010000100000000100000000100000000000000001
1111111111111101111100100011111110000100000000011011100011110000001111001000001011100111011000010001
1110111111111011101111001100111100110001100111000010011100101001110001100111000100011000110000000000
0000000000000000010111111110011111110011100011111100000111110111100111011110111101111111110011111111
1110101111110011101111011000011001010001100000001100000001110000001111111000111111100111101100011111
1111111111111111111111111111111111011111110000011111000001110000000011000000000000000001000000000000
1111101100111100000011110000011000111010000011100000001110000001111000001111100000111111001111111000
1111110011110000001111000000011100000001110000000111000000011100000001110000001111101111111101110011
1111001111110000111111000001111100000111100000001110000011111000001111100110111110011111111101111111
1111101111111000001111000000111000000001110000000111100000011110000011111000111111100011111111011111
1111001111111110001111111111001110110000111011001011010100100110000110011000011001100000101110000011
1000101011100000101110000001111001010111100001011110001000001011010000101011110010111110001011010100
1111111111110001011111001101111100010011110001001110011100111100010011000000001100000011111111111111
0111111111111111111111111011111100000011110000000110000000010000000011100000011111100001111111101111
1111111111111101111111000011111110001111111000111111100000111110100011111010001100000001110000000001
0111111111101111111100000000001001111111110111111110011001000000000010110000010100000000000000000000
0101100000011110000000111000001111100000111110000001111000000010100000111010011111101100001100011011
1111010111111001001111100011111100001111111000111111100011101110001110111000111111100011111110000110
1111101111111110111111111001111111000111111000010010000111110000001001000000000000000000000000000011
1000011000100011100100011111000001101110100110100010110010000011001100001100100001110110000011011000
0111111111011111111111110001100111001111000100110010100011000010000100001000011000100011000011001100
1111111110111111111011110111101111111110111011111011000011101100001110110000111000000000000000000000
1111111111111111111111111111111010000011010000000111000000001100000000110000000111100000111111111111
1111001111111100111111110001111110000111111100011111110001111111000111111100111111110000101111000000
1000001101111000110111000010111101001011110111100111011000111101111011000001001100000100110000000000
1110011111111101111111110111111010001111111000111111101010011100101111000000000000000000000000000000
1111000001111100011111100000011110000111111000011111100000111110000001111100000011110011101111011111
1000011000000111110100011011101001101110100110100000110010000011001100001100100001100110000111111000
1111111111111111111111111111111100011001100000000000000000000000000001000000001111000001111111111111
1111111111111101111111110011111110001011111010100011100011001110001101100000010011000000001111001100
0110000001011000000111100000011000100011000111100100001110011001111001101111100101111111110111111101
0011111111011111111011110001100111001111000100010010110001000011000110001100011000110001000011001100
1111100111111100011111100001111110000111111000001111100010011110001111111000011111000001111100000111
0011011111000001111100000001110011110111001111111100001111110000110000000010000011111101111111011111
1111001111111000011111000001111000000011110000001111110001111111000111111100011111110001101111001111
0011000011001000000111100000110000111011000011101110001110111101111011101111111100011111010000111001
1111111111111110111111111001111111000111111100011111000001110000000111100100011110000001110000000000
1111111111111111011111111001111111000011100000001110000000111000000011100000001101000011101111011111
1110110001110000000111000000001100000000110000000111000011111000001111100000011110000001111111111011
1111111111111110111100011001000010110101000111000011101111111111011111110001101011100000001110000000
0000000000001111110001110011101110001110111100111011110011100111001110010000010000000000000000000000
1111001111111010001111111100111100000001100100101101110011111100000111110000011110011000111001100011
1010011111001100111100111100001111110000111110001111110010111110000011111000000110100100001001100001
1111111111111100111111110011111100000111110000011111000001111100000111110000011111000000111100000111
1111111111111111111111110011111111000111111000011111110011111111000111000000000000000000001000000000
1100000000111100111111110111111111011111110000100011000000001110000111110000001111000000010110100111
1111001111111000011111100011111100001110101000000111100000011100000011110000001110000001111100111011
1111000011110000001011000000101111110010101111000010110001001100010000110000010111110000111111001011
1011100000101111011010111100100001110100000111100110011111110001111011011111101101110011010001001100
1110000111111000111111100001111111110111101011010010100000001010001011000000001100000011110001110111
1101110000110111111110000111110000010000111000011011100000001110001101110000111011100001111111111100
1111001100111100110011110001001111100100111100010011110001001111000100001100000011110000001111000000
1111000001111101110111010111011000000000100000000010000000111000101111110011111111011111111111111111
0111111111110010111100001111110000100111000110011110111000001011110000000110100011111011001111111111
1110001100111000110011100011001110000100111100001011111000101111000110111110011011110101101111000111
1111000111111000001111000000001100000000100000010110001011011110001101111001111111100001111011111111
1110001111110000001111000000111000000001101000010110100000011110000001110000000111000000111100000011
1111111111111111111100110011111111000011000000000010010001110001000111011100000111110000010001110001
0011111110101111110000111111100001101010100100100010010011000001001101001110110000111011000000000000
1111000000111100000011110000001111100000111110000011111000001111100000011000000011110000001111001100
0111111111111001111111100111101110011110110000111011000111101100001110110000110010000010001000001000
0001111100101100110000110101000001111000110111100010011111000001111001001111110000000110000000000000
1111111111111110111111111001111110001111111110111110000011110000001111000000000000000000000000000100
1111111111111111000111000000011001000011110000001111110000011011000011100000011110100001111000000111
1100000011110000000111000000011111000101111100010111000000111111000011110000001111000000111110000111
1111110111111111001110011100111001110011100100001110001000111000000000100000100011000010001110001000
1110000000101000000010011100000000110001000110000000011100000000111111111111111111111111111111111111
1111111111111110111100010011110000001000000000110000000011110000000001111110001111000001110000001111
0011111000001101000001110000110111000011011111011101111101110111100111011110011101111101110111100111
1111111111111011101111100111111110011111110001111111000111111100001111010001111100000000000000000000
1111111111111110111111110011111110000111111000011111000000111100000011110000001011000001101110000111
0011111111011111111011110001100111001111000100010000110001000011000110001100011000110001000011001100
1111111111101100010000110001100001000110101101110010011011010011001101001100110000000000001000000000
1111111111111111111100000010010000001001000001111100000000110000011011001111000101111000011111000000
0000111111001111111101111011110111100111011100011101110001110111000111011100111101110011111111001111
0000000000000000000000000100001000110010100111001110111110001111111100110001111110000111001001011100
1111111111110000001111000000011100000001110000001111000000111101000001110100001111111111111111111111
0000001111000111111100100111110010001111000000011100100001110010010111001001111100011111110111111111
0111111100111010001110001000001001110000000110000000011100000001111100000001111100111011111111110001
1111111111111111111111111111111111100111100011111100000111110000011101000000000000000000000000000000
0000000011000010001100001000111001100111011110011100111011110001011111110001111111110111111110011111
1111111111111110111111000011101110000000110000000100001001010000101000111111011111111111110111111111
1111000111111110001111111111111101110000110001000011000110101000010011111001011011100001101100000110
1111001111110000001111000000011100000101110000010110000000111001100011100111001110011100111100111011
1111110101110000011110000111110000001110000111010000000110001100000111111111000011111100001111100000
0000000000000110000000000100000001000000000000000111110000111111000111111100111111111011111111111111
1110000111111000000111001100011100000001110000000111000000011100000011110000011111000011111111111111
1111101111111110011111110000111111000011111100011111110001111110000111111000001111100000001110000000
1111100111111110011111111001111111000111111000001100000001110000000111011000011101111001110111100111
1100011111111010111111100011110101000111000000000011001010001110111110000000111100000000000000001000
1111111111011110111100110011110010000111001100011101110001111111000111011010111100101001110111111111
1110011111111001111111000011111110001111111000111111100011111110000111111000011111100001111100000011
1111000111111100000110000000101111000011111100011111100001111111100011111110011011110000011111110000
1110011111110000001111000000111100000011110000011111100001111110000001111000000011100000001111110000
1111111111111100111111110011111111000111111100111111100011111100101111110010110111000011011111111111
1111111110111100111111110001111111000011111100011111110011111111000111111000011011100001101110000111
0000010000000001000000001110000111101110011111111000000000000010010110001111010000111101000000000000
1111111111111111111111110111111100000011110000001111000001111111001111111111111111111111111111111111
1111110001111100001100000000110000110111000011011110001001111100001111110000111111000011111111111111
1111111111111001111111100011111001100000100100000111100000011000000011101011001100101000111010000000
0000000000001001110000111111001101111100111111110000111111000011111110011111111001011111100000000000
1111111111111111111111111111111110100011110000000011000000001100000000100000000011000000011111100111
1000000011110001110000000001110000000111000000001100000000110000000111000000011100000011111111101111
1010000001101000100010011011001001111000100111100010001110011001111011000111111100011111110001111101
1111111111111101111111110011111110000111111000111111100011111100001011000000111000000011100000000000
1111001111111110100111100010011010000011000000111111000011111110000111100000011100000000110110011111
1111100111111100011111110001111111000011111100001111110000111110000011110000001111000000111111000111
1111111111111111111111110011111111111111111111111111101111101110011110000000000000000000000000000000
1111111111111111111110110100001000010000100001000010000100001000010000100001111110000111111000011111
1110100000110010011111000111111100111101110111100011011111001100111000100111100110110010110100001011
1111111111110001111111000111111100011111110001111111000111111100011111110000111111001011111100100011
0000100101111111111111111110110111110011100000001010011100111001110001100111110110000011011000000000
1111000111111100011111110001111110000111111000011111010000111110100011111100000111110000111111000011
0111001111011100111101011011010110111001011000100111110110011011111001100100010110000010010000001001
1111111111111101111111110011111111000111111100011111110000111111000011111100000011110000001001000000
0000000111000000111100000011111111011111011101111100001100000001110000111111111111100111110000001111
1100011111111000011111100001111110001111000100011100110001110000001111000000111110000011111111001111
1111111111111110111111110001111110000100111000001111100000111110000011000000000000000000000010000000
1111011011111000111111000001011100000001110000000111000000111100000011110000011111000001111111111111
0100000001000111100100111110000000110000000011001100011101110000111111110010111100011011111100011111
1111100000101100000010001100000000110001000011000010001100000000111111111111111111111111111111111111
1111111111111111111111110011111110001111111000111111110011111111000111111000011111100001111110010111
1111111111111101111111110011111111001111111100111111010011001101111111000000000000000000000000000000
1110001111110000011110000001111000001111110000001111000000111100001011110000001101000001111100000101
1000000000100000000010001100000000000000000000000001111011111111111111111111111111111111111111111111
1111111100111111111011111010001111001000111100111011110011101110001110111000111011100011111110001111
1101101111110100001111000000111010000101101000110110000001111100000011110000001111000000111110101111
1111111111111111111111110011111111100111111100001111110000111111000011111100001111110001111111000111
0010111101110111110110110011110011001110100100100010110011101011001100101100110100110011000011001100
0100000111010001010101000001000000000000000000000000000000000011000111111111111111110111111111111111
1100000011100000011110000001111000000111100000011111000001111000000111100000011110000001111111111111
1111111111111100111111100011111110001111111000001011100010101110001110111000111010000011100000000100
1111000111111100011111110001111110001111110100011111110001111111000111111000011111100000111111001111
1111110000111100000011110100001110010001000111100100001110000000111100000111100100011110110001111011
1100000000111000111100100011110000000000111000111111100011011100001101110000011111111111001111111111
1100111011100011000110101100110000110011100011001111001100111000100001100010000110011000011001100011
1111111111111101101111100111111110001110111000111111100111111110011111111101111000000000000000000000
0000000000000110000000000000000001010000000111100000111111111111111111111111111111111111111111111111
1111111111111111111111110101011100000001100000001010100110000100110001000011100000001111000000011111
1111111111111111111111110011111111001111111000111110000011111000000111100000011110000001111011111111
1111110010011100111000111001000011000100001100000011111000000011110000010111000101111001110011111111
1111111111110011111100001111110000111111000001100100000000010000000110000001011100001100110000100010
1111111111111001001111111100011000111001100010100111001000101100100100010000000001001011100101101101
0111111101011000110100000001011010000111001000001110100000111011000011011000011111100101111110111111
1110111111111011111111100011111110001111101000011111100101111110010111000001011100000000000000000000
1111111000111101110011100111001110000011010010011100000011011000000111100000011011000011001000011011
0001111110001111111000111110000001111000100111100010011111000001111101000111110000111111000000110000
0001111111000111111100011001110001100111000111110010111111000001100100000111011011111101111111111111
1111011111111101111111100011111110001111111000111111100011111100001101100000110110000011011110011111
1010111110001011111000100011100000001110000001101000000000000000000000001110111111111111111111111111
1010111011111000101111100010111111010011111101001111111101110000000111000000000000000100000000010000
0111111111011111111111110001100111001111000100110010100011000010000100001000011000100011000011001100
1110000000111011011011111111101101001110110100011011100011101110001011111000111111100011111110011111
0111100000111110000011111000001111000001111000000111000000111100000011100000011111100001111111000111
1110000011111001100011100110000000010000000000000100000001111000111111100011111111011111111111111111
1111000000111100100011100000001110000100111100010011100001001111001110011100110011110010001111001100
1111111111111110111111110011111111000111111000011111100011111100000111110000011110000000111000000011
1100000000111100000011110001111111100111111111111100000000100111101111000001000000000100000000010000
1111111000111000000011000000000000000000000100000011110000011111100000111110001011111011101111001100
0000000111000000011100000011110000001111000000111100000011111000000111100000011110000001111000000111
1111101111111100011111111000111111110011100010001110000000111100000011111001001111110000111111100010
1111111111111111111111111001111111100110111010001111100000111111100011000100000000000000000010000000
1100001111100000011111000001111100000011011000001100000000110000000011000000000100000001110000000011
1111111111111100111111110001111110000011111000000111100000011110000011111100001111110000111111001111
0000000000000000000011000101001100110000110011000011001100000000101111000010111101111111111111111111
0000000001000000000000000000000000000000100000001111110011111111001111111100111111110011111110001111
1111111011111101101111100110111110011011111000101111110010101111001011001100001100000000000000000000
0000000011000001011100100111110010001111000001111101100111110010001111001010111100101111110111111111
1111111111111111111111111111111001010000000000000000000000000001100000000110000000011100000001110000
1111111111111110111111110001111110000111111000011111110001111111000111111000011100000001110000000111
1111101111111000001111000000011100000001110100010111000000011100000011110000001111000100111100111011
1110000111111110110010111111001100110011110011000000111100000011110000001111100101111111110000000011
0000000011000000001100000001110001110000001111111100111111110001111000000111110100001010010000101011
1111111111111111111111110011111100000111100000001111100000111110000111100000001100100000001101000000
0000001110000001111111111001111111000001111000000011110000011111000001111100000111111111111111111111
0000000000000000000010000000001001111100100111110010001110001000111011100011111100000111110010011111
0111100100011111101100100100110000000011010000001100000000111110000111111000011111100001111110001111
1111111111111100111111110001111110000011101000011011100000011110000111000000011100000001111111000110
0000000001000011011100110111110111111111001111111100011100110001111111001111111100111111110011111111
0000111111000000111100001111110000001100000100000011110001110111000111111000011111000000111110111111
1111101111111100011111110001111110000111111000011111100001111110000111110000001111000001111101001111
1110100000111111000011111100001111110000111110000010011000001001110000110101100011110111001111011000
1111000111111000001011110000111111110011110010000100100001011100000001111000001110100001111011100111
1111111111111101111110110010001110000111111000101100000000000000010000111111000011111111101111001000
1111011111111001111111100111111110011111111001111111100011111110001111010000111100000001110000000000
1111111111110010011111110001111110000111111000011111110001111111001111110000011110000011111000000001
1101000111110100001111000000011101000011111100010111010001011100000011110000001111000001111100001111
0001111110000011111000001111101001100110101100011111111111101111001111000011111100000001110000001111
1110000111111000011111100001111100001111110111111111111111111110111111111011111111100111111110010011
1111000000111100000011100000001110000000111100000011100001101110101110111110110011110010001111101000
0011111110001111110000011110000000100000000000000001111001111111100111111111001101110100110001111111
1111000000110111110011001011001100000000110000000011000000111100011111110001111111101111111111111111
1000000011100000001100011100110000111111000001111100000000111000000111100001111110000000111111100111
1111111111111001111111100111111101100100100000000100000000011100000111101010011110101000001110000000
1111100111111110011111110000111111000011111000001111100001111110000111110000011101001111101100111110
0000001111000011111100010011111111001111111100011100001100000000110000001111000011111111101111111111
1111000000111100000011100000001110000000111100000011111000001111100001110011000011110000111111100111
1110001111111000011111100001111100000111111100001111111111111111111111111111111111111111111111111111
1111111111111100001111100000011011000001111110000011111000001111000000111100000011111110001111111111
1111111111111111111111110011111100001111000000000010000001100010000111011100001111110001110010100011
1100000001110011100011000110001100110000110011000111001100111000111111100011111110001111111000111111
1111100111111111011111110100111111110001111000000011000000001100000000110000110110000000011010000001
0011111111011111111011110001100111001111000100010010110001000011000110001100011000110001000011001100
1000011000000111110100011011101001101110100110100000110010000011001100001100100001100110000111111000
1111011011111001101111000000001111111110110000000000111000000001111111000000000101111101100100000100
1111111111111110111111110001111111000001111000001111000000111110000011111000001100000000000100000000
1111100111111100011111110001111111000111111100011111110001111111000111111100011111100000111110000111
0001111110001111111000111110000001111000100111100010011111000001111101000111110000111111000000110000
1111111111111101111111110011111110011111111001111111100110011100001111000000000000000000000000000000
1110000111110010001111000000011100001001110000100111000010111000001111100000111110010001111001100111
0011111100001111110000111111011001111000100111100000111111000001111010001111110000111111000000010000
0000000000000000000000001000000001110000111111111111111111111111111111111111111111111111111111111111
0000000010000000000000000100000000000000100100000011110011111111111111111111111111111111111111111111
1111111111111110011111111001111111100011111110011111100000010000000101000000000000100000001111110000
1111011111111000011111100001111111000011111000000111101001011110100111110010001111001000111111100011
0111111111111111111111111011111111001111111110001111111001111111100111111100001111100000110110000111
0000000001000011111100011001110011110111001111110100111111000011111000000111101100011110110011111111
1111001111110000111111000000111100000011110000001110000011110000001111110111111111011111111111110111
0000000000100100000011000011110000001110010000111011110011111110001111111011111111110111111111111111
1111110100101111110010101110101011011100101101100010110100001001110001100011000000111100000001111111
1111111111000111100000010110000011111000000111110000011111000001111100000111110010001110000011111110
1110001111111000011111100001111110000111111000011111100101111110010111110001001111000100111111111111
0000001111011111111101110011110111001111111000011111100011110111000111011101011101110000111111111111
1110001111111101111111110011111111001111111100110010110111110000000000000000000000000000010000000111
1110011111111000111111100011111110001111111000111111100011111110001111111010111111001011111111101111
1101111111111110000100000001110011111101001110000000100000010000000111000000110000001111000001110111
1111100111111000000111000000011011000101110100010111100000111110000111111000011111100000111100000011
1111111111111111011011110001001111000111110000010111100001001100000111110000001111000000111100000011
1111111111111111111111111011110000000000000011001000001100011111110110111011111111100000001100000000
1111001000111100010011110001001111000110111000011011100001111111000110111101111011110000001111010010
1111000011100000001010000000101011000000101000010110110001011111110001110111001111001000011100111011
1110010111110011011110111110010011111101000111110100000000010000000000000000000000000000000000000000
1111000011111001000111100000011100000001101100010111100001101110000011111100011111100011111110011111
1111100111111110001111111100111111100001111110000111100000011100000001111000001111100000111100000011
1111100011111110001111110000111110000010110001001111111100111111000011111000001110000000111001100011
1111100111111000011111100001111110000011110000011111000001111110000111111000011111100001111110100111
0000001100001111111010111111101111111010111111111011011111111100111111100111100011000000001000000010
1111010111111001011111000000111000000011110000001111000001111100000111110000011111100011111100011111
1110000001111000000111100010011100000001110000001111100000111100000011110000001111000001111111111111
1111111111111100111111110011111110000111110000001110000000111100000011111000001111100000111000000011
1111000111111000001011100000111101100001110000000100000001011100000101111000001110100001111011100111
1111100001111000000111100000011100000101111100011011100001111110000011111000000111000000011110000111
1111101111111110011110000001111100000011111000001111100000111110000001111000000111110010001110000000
0110111101011001110101100111110110001001001000100100110010010010001001001101111101111111110011111110
1111111111111011111110000111111100111001110001100111000100011000010000100001000010000111111000111111
1111000111110000001111000000011000000100100000010110100001110011000111001100111111110111111100111111
1100000000110011000011111000001111110000111111000011111100001111111000111111100011111110001111100000
1111001111110000001111000000111100000001110000000110000000011001000011100110001111111100111100110011
1111000011110000001111000000110000000001001100000111111110111111111001111111000111111000011100010011
1110110111111001111111110111001100011000110001000011100100001110011100111001110011100000001111011111
0000000001000011111100011001110011110011001111101000111111000011111010000111111100011111110111111111
1110111111111001111111000011111100011111110000111111000001111100000111000000111100000111110000001111
1111111111111110111111110011111111000111111100001111110000011111000100111000010011110001001111000000
1111111111111110111111110011111111000111010000001010000001001000000111011111001100100000010010000000
0000001111000111111100000111110000001111000001011100100001110010011111001001111100111111110111111111
1111111111111011001111000100111100000011111000001111100000111110000011110000001111000000111100000101
0000000000000000000110000000111100000111110000011111000001111100000111110000011111001101111100110011
1100111101111100011111110001111111000101011000011011100001111110000111111000110011100011111110001111
1110000000111000000011100000001100000000110000000010000000001100000111111111111111111111111111111111
1111011111111100011111111001111111000111111100011111100001111110000111111000011111100001111110000111
1111000011111110000111111000001101000000110100000111100000011111000001111111000111111000011111000001
0000000011000000011100100111110110001111011010111101110001110110101111001010111100101101110111111111
1000101111111110000111111111111011101111101110101110101010101000100000100010000000001000000000000000
1111111111111101111111110011111110001111111000111110000011111000001111100000111110000001100000000111
1110000111110000000111000000001100000000100000000110000001111000000111100000001111000000111110000111
1110100000111000000011100100000000011000000001100000001110000000111111111111111111111111111111111111
0000100010000010001000001000000011011010111101111111111111111111111110111111111011111111001111111000
0000000000011111110111101111001110011100110001110011110111001111011100111000110000000001000000000000
1111111111000100011100000010110000111100000011010011111111110011011111001100011100110000000110000000
1111111111111111111111111101111100000011100000000110000000000000000000100000000111100001111111111111
0000000000100000000011110011111101101111000000111001110011101111000111111000011111000011111101001111
0000000011000001111100000011110001101111000111101100011010010011101101000111111100011011110011111111
1111111111111111111111110011111111001111111000011011100000011110000111111000011111100011111110001010
1111111111111011111111100001111101000111110000011111100001111111001111111000011100100001110000000000
1111111100111111000011111000001111000001111000000111000000110000001111000001111100001111110001111111
1111000111111110011111110001111111000001111100000011010000001001000000100100010010010001001111001100
0111000111011000011100100101110000010111001101011100010001110000000100000000011100000001110000000111
1111111111111111111101110011111111001111000000000010000001110000001111001100011111100011010001001011
1111111111111110111111111001111111000110111100011100000001110000000111111110011111100000000000000000
1111111111111110111111111001111111100111111100111110000011110000001101000000000000000000000000000000
0100010000001111000000111100000011110000001111010010111111000010010000011001000000101100000000100011
0100111111010011111001100100110110010011011011001101001100110100000011000001001100000111111100000011
1111100111111000010111100000011110000001111000011111000001011001100111111110011111101111111110111111
1110000001110000000111000000011100000011111000001111100000111110001111111000001111100000011111111111
1111000111110000111111000000111100000011110000011111000001111100000111110010011111001111111111111101
1100011111110000001110000000111000000001100000001110000000111100000111111000011111100001111111100111
1111011111111100111111110011111110001111111001111111100011111100001111110000110111000001011100000111
1000000011100001000000011100000000110000000111000000011100110001111111000111111100011111110111111111
1110001111110100001111111100111011101011101110101110100001111011000111101000011111101000111000110011
1110000111110011111111011111111100000011100010010110000111111000001111100000011110000011111100000011
1111111111111100111100111011000101111011001111000111111111111110111110111011000011000000001100000000
0000000111000010011100001001110000100111000000011100000000000000000111000000011100000011110000001111
1111111100111000110011000011101110001111111000111111100000001110010000111000000111100100011111100111
1111111111111111111111111111111110100011110000000011000000001100000000100000000011000000011111100111
1110000111111000001111100001111111010011110010010010100000001100000011000000001100000011110001110111
0000001111000000011111111000011111100000111100001101100001110100000111011110011111110000111111000011
1110001111111000011111100001111110000111110000011111000001111100000111111000011111100000111110000111
1111100111111110001111111001111111000111111100011111001111101100011111000000000000000000010000000000
1100100011110000001111000000111100000011110000001111000000111100000011110000001111000000111110111011
0011111110011111111001111011100111111110000111010000011111000011111100001111110000011111000011111100
1111101111111100011111110011111110000111111000001111100000111111000011111000001111111000111111100111
0000100000000110000000000100000001000000000100010101110001111110000111111000011111100011111111111111
1111000111111000001111000000111000000001100000000111000000111110000011110000011111100001111111111111
0000000100001111111001111111100111111010111111001011111111111110111111110111110010000000000000000010
1100000011100000001110000000011010000001101000100111100000111110000011111010001111100000111110110011
1011111111100111111100011000110001000001111100000111110000010001000001000100000100011111111111111111
1111001111111000001111000000111100000011110000001111000010111000001111110000011110011001111001100111
0000000000000000100000111001100111100111111110011111111001111110011111111000011011100000000000000000
1111101111111100001111100000011110000001111100001111100000111110000011111000001111100001111111001111
1111000011111110001111111000101111100000111100000011110000001110010000111001001111100100111110001111
1111111111111111111111111111111100000011100000000110000000000000000000000000000111000001111111101111
1111111111111111111111111001111111000111111000000111110001111111100011000000000000000000111100000000
1111111111111110111111111111111111111111111111011100000111111110010011000000000000000000000000000000
1110000111110000001111000000111100000011110000001111000000111101000011111100001111111111111111111011
1111001111111100111111110011111110001111111000111111100011111100001111111000111101100010000111000000
1111000111111000011111100001111110001111111011111111101111111110111111111011111111101111111111001111
1000000000100010000010011100000000110000000111100000111111111111111111111111111111111111111111111111
1111111110011111011100111101110000010111000000001111000000111100000000110000000000110000000111111100
1111111111111001111111100011111110000111110000011110000001110000001111000000011100000001110101100110
1111111111111100111111000000011100000001110000000111000000001100000010010101111001011111100100110011
0001111111000011111100000111111000000011100000000110000010011000001001110010001111011001111100101111
0010000111000000011100001001110001110111000110011100001001000001000111000110011100001011110000001111
1111111110111110111011110001101111000111111100011111110000101110000110111000000011111000101111100010
1100111010001101011000110001000011010100001101010000100101110111001100011100110001100011000000000000
1111100111110000000111000000011010000001101000010111100000011110000111110001001111000000111100010111
1100111010001101011000110001000011010100001101010000100101110111001100011100110001100011000000000000
1110001111111000111111100011111110001111111000111011011111110000000000000000000000000000000000000011
1111111111111100111111100001111110000111111000011111100011111110000111110000011111100001111110001111
0000001000000000000000001100000000000000111110001111111101111111101111111111111111111111111111111111
0000000000100100000011110011110111000110000000111011110011101110001111111000111111000011111110111111
0000001111000001111100000011111110001111111011011100001100010001110000011110000001111111111111111111
1100101111110111111111011011111101111111111111101100000000110000000001000000000110000000011110000111
1110100000111000000011001100000000110000000011000000011100000001111111111111111111111111111111111111
1111111111111100111011110001101110000000110000000011000001001110000110111100011111100001111110010111
1111001111111100011111100001111110000011111000001011100001111111000111111100011111110100001111000000
1111111111111000011111110001111111000111111000011111100001111110000111111000011111100000111110000011
1000011000100111110100011111100001100110100110100010110010001011001100001100110001110110000111011000
1100000001110101110110010111011100001000110000000111000010111100001111110000111111001111111111111111
0000000111000111111100111110010001111000000111111100010100010001100101000110110000011011000001100111
1111111111101111111011111111101111010100111100100111110010111111001010000000010000000000000000000001
1111100100111110010011111001001111101100111110110011111110001100110000111001000011100110001111001001
0100001111110110111101110011111110001001111100000011110010001111000000111100100011110000001111000000
1101000011110100001111000000111101000011110100010111110001011100000011100000001110000000111110000111
1110001111011111001101111111110111110111011110111100001010110000101011000010001100001000100000100010
0000000000000001000000001100000000110000000011100001111111111111111111111111111111111111111111111111
1111000111110000111111000000111100000011110000011110000001111000011111100100111111111111111110111101
1111111111111111111111111001111110101111111011000111101000011100000001111000000111110000011111100001
1111111111110111111110001011111000010111100001001110101100111010110011100000001100000001110001111111
1111100111111000001111100000111110000111111000011111100001111100000111110000001111000000111111000011
1000000111000000010100000000011110000001111000010111100001011111000111110000011111011111111001111111
0000000111000100011100010001110001010110000101111000010101100000010110111111111111110111111111111111
0110000000110001110011001111001000111000000011100000001111010001111111100111110100000111011001011111
1111000110111000001011110001101111000010111111001111111100101110110010111110001011111100001111110000
1000000011110000111111100011111111111111000001001100000011011110011111111111111100000000000000000000
1111100111111100011111111011111111000111110001001111000000111100000111110000011111110011111111111111
1110011110111001110011100011011110001101101100001111010000111100000011110000010111001001011100100110
1111100000111000000011101000000000110000000011000000001100000000111111111111111111111111111111111111
0000000000100010000010001100001001011000000111100000011111000011111111111111111111111111111111111111
1111000111111100011111100001111110000111111000011111100001111100001111110000011111100001111110001111
1111111111111111111111111011111111001111111100111111010001111100000111110000011111000101111110110111
0000111111001111111101110001110111000111011100011101100011110111001111011100111101110011111111111111
1111111111111110111111110011111110000111111000101111100000111110000011000000001001100001110000000000
1110000111001100011100100000110110000011011000001101100000110110000011011000001101100000111111101111
1111100001111111000011100000001100000000110000010011110001001111000101111010001111101001111111110011
0000001110000000111001010011101111011000011000000111100001111110001111110000111110000111011000011000
0000100000000011000000000100000001000000000100000111010001111111000111111000011111111101111111111111
1110001111110000001110000000111000000011100000011111011001111111110111100111111110010011111100001111
1111001001111000100111100111011100111011110010000010000000011000000010110001111110000111111000000011
1111001111111100011111100001111110000111111000011111110000111111000001111100011111111011111111101111
0000000000000000000000111111000111111110111111110011111111000111111100001111111000111111000001001000
1110000000111000000011100000001100000000110000000010000000001100000111111111111111111111111111111111
1110000000111010111010010011101101000000110000000011000000011100011111110101111111111111111111111111
1111110000111100000011100100001100111000000011100000001100000001111000000111111110001111111111111111
1111111111111111111111100011111110000110000000000000100000100010000111001100011100111001111000100111
0000100000000111000000000100000000000000000000000111110000111111000111111000011111110001111111111111
0001111100001111110000111111000001111010100111100000111111000001111101001111110000111011000000000000
1000000000100000000010011111001001100110100111010010011100001001111000100111111110011100001101100000
1110000111110000001111000000011000000001100000001110011001111011000011110100001111100110111100010011
1111111111111110111111111011111111001111111110011110110001111111000111000000000000000000000000000000
1111000000111100000011110000001110100000111100000011110011001111001100111100110011111011001111001111
1100001111110000111110001101111000100010110000011011110010111111000011111000011111100001111100000111
1111111111111100011111000000111100000011110000000111000000011100000001110000001111000000111110010011
1100000111100000000111010000111100000011100000001110100000010110011001011000000011000000111111010011
1011010000110111000011001100000000110000000011000010001110001000111111111111111111111111111111111111
1111111111111111111101110011111110000110100000011011100001110000000111001100001011111001011100110001
1111111100111110110011111011111111010111111000011111101101111110111111111010001100000000010000000000
1111001111110100001111000000111010000101111100010111000001111100000011110000001111000000111110000011
1110000000111000000011101000001110100000111111000011111100001111110000111111000011111100001111000000
1110000000111100000011001000001100000000110010000010000000000000000111000000011111000001111110111111
1110001111111100111111110011111110001111111000001111100000011110000001000000000110000000111100000011
1111000111111100111111110011111111001111101100000010111111110000000001000000000000000000000000000011
1111000111111000001111100000001100000000100000000100000001011100000101111001001110100001111011100111
1111010000111110000011110100001110111000000011100000001110000000111000000011111100001011111111111111
1111111111111111111111110111111000011111100000101100000001110000000001000000000100000000000000000000
1111111110111100111011110011101111000111111000001111100000101110000110111000011011100001101111010110
1111000011110000001111000000111100000011111100001111000000111100000011110000001111000000111110000111
1111111111111100011111110000011111000011101000001111100000111100000011000000001100010001110001000110
1111000000111100000011110000001111001100111000110011100000001111000100011101110001110110001111011100
1111100111111100000111111100011111110001111110000100111001000011100000001010010000101101000110110110
1111000001111111111111100111110000001111000000000011110000001110000011111000110011000011101100001110
1111100111111110011111110101111111110111111100011111110001111111000111100100011100000000000000000000
1111111111111111011111110000111111000011111100011111110000111111000011000000001111110000111111100111
1110000000111000011101100011110000101000111000010011110000011110000011110000011111110001111111111100
1111110011111111001111110100111110110011111100001111110000111111000011100100001100000000100000000000
0000000010000000000000000000000000000000000110000011110011111111111111111111111111111111111111111111
1100011111110000111111000011111100000111110100011111000010101100001011000001111100000011010000100000
1111111111110000011110000001111000000111100000000110000000010000000111000000011100000011111111000000
1111111111110000111111000000111100000011110000000011000000111100000011111000001111100000111110000011
1000000000100000000010000100000000010000000000000000110111111111111111111111111111111111111111111111
1000000001101001100010011110001001110000100011000010001100111000011111100001111110101111111011111111
1111111111111101111111100111111110001111111000111111100011111110001111111000111111100001111111111111
1000011000000001100000011111101001100110100110100000111010000011011100001100110001110110000111111000
0000000000000100000000000100000001010000000111100100011111111111111111111111111111111111111111111111
1111001111110000001111000000111100000001100000001110000001111011000111101100011111101000111000100011
0001111100001111110000111111000001111000110111100010011110000001111001001111110000011110000000000000
1100110011111000001111100010011110011101111011111110001111111000111011000001011100000001110000000111
0111011111011100111101110111110010001110101000010000100011001010000100101000010000110001110011010111
1111100000010010001000000000000101111000000011100000011110000001111100000111101100011110110011111111
0000110000000011010000111111100011001100100100100010110110000011001100001100100000110110000011011100
0110010110010000111010000011101000000010100000101000000010000000000000110100111111011011111110111111
0000000000000110011101111000110110100011000001111100010111010011001100111110000011111110111111111111
0000000001100111110110011110001000110000100011000110011100111000001111100000111110011111111000111111
0111001111111000101111010110110101110001110101000111110000011010111001000011000100000000010000000001
1111101111110110001111111110111100010001110000001111100001111110000011110000000111100000011101000001
1111001011110110001111111100111010000011111100111111000011111000001111100000101110010010111001101011
0000000010000000000000000000000000000000100100000011110011111111111111111111111111111111111111111111
1101100000110111111110000011110000100000111000010011110000001110000100110000011011100001111111111000
1111111011111100001111110000111111001011111100101111110000111111000011000000001100000110000000011000
1111000111110000001111000000111100000011100000011110000001111001100111100110001110011000111100111001
1111000001110100000111000000011100000001110000010111100000011110000111110000011111000000111111100011
1110100000111111110011111111101000001110000000000000000000011000100111110000111111100011111110111111
1111100111111100001111110000111111000011110000000111000000011100000001111101000111110000001111110001
0000000111011100000000111100000000011101110000111011101001101111111001111111110111111011011111101111
1111111111111110111111111111111111111111100001111100000111110000011101000000000000000000000000000000
1111011111111101111111000001111100000111111000111111100001111110000111000000111100000001110000000111
0011111111011100011101110001001011000000011100000010110001110011000100011100011001110001110000000000
1111111111111100111111110001111110000011101000000011100001111111000111000000011100010001111110000110
1111010011111000001111100011111110001111111110111011111111101111001111111000011100000000000000000000
1111111111000010000000001000000001111000000111100000011010000001110000000111000001000100001111111111
1100011111000000001100000000010000000001110000011111100001111110000011111000001111111111111111111111
1100010111110000111111100001110100000010000000101000000010000000011000000001100011100111111110011111
1111000111111100011111111011111110000011111000001111010000111110000111111000001111100000111110000011
0000000111000011011100000000110011111011011111111100001100110001111011000111101100111010110011011011
0000000000000001000000000100000000110000000011100101111111111111111111111111111111111111111111111111
1111000111111110011111101000111101000011110100001111010000011100000001110000000111110000001101100000
1111111111001111111100011101110001100111000000011111000001111110000110110000010011100000001111111000
1100000000111000111111000011110000100000110000000011100010001110001110111000111111111100011111111110
1110000111110000000111010000011101000001110100000111011000011101100000110110000011111100001111100111
1111000110111100011011110011111110000111110000001111010010111100000011111000001111100001111110000111
1111111111111101111110010001111100000011110000000111110000001110000000110000000011000001001000000000
1111001000111100000011100000001110000000111100000011110000001111101111111110111111111000001111110110
1111111011110000000111000000011100000000100000000010000000001100000000110000000011000011111111111111
1000000001000000000000000000111110000111111111011111111001111000000111100000001100000000000100000000
1001111111110101110011010100111100010011110100001111010000111000000010000110001000001111110000000111
1100000011111100000111100000111110000111110000111111100011111110001111111000111111100011111111001111
1111001100111100110011110001001111000100111100010011110001001111000100001100000011110100001111010000
1111000111110000011111000000011100000101100000010110000001011001000111100000011110001111111101111111
1111001111111100111111100011111110000111111000001111100011111110001110111000110011100010001111000000
1111111111000000000000000000000000110000000111000000001010000001111000000111000000011100001111111111
1111111111111110111111101010111110000011111000001111000000111100000011110000001110000000111111110011
1110011110110000110011100011001110000100111100011011110000001111000000111100000001110000000011000000
1111111111111100111111110011111110000111110000011111100000111110000111000100000000000000011100000000
1111110111111111011111110001111111001111111100111111100011111110001111110000000100000000000000000000
1111111111111110111111111111110111111111011111101000111110000011110100000010100000000000000010000000
0011111000001110100000111010000011011000010000110001100011000001111110000011111001111111101111111110
0000000000000100100000110011100111001110111100111111110011111111000111111000011001100000000000000000
0000000000111000110001110011110001001111000000111111100011111110000111111000011111000001111100001111
1111101111111110011111111001111110000011111000000101100000111111000011111100001111110000111111111111
1111001111110000001111100000111110000011110000101111000010111100001111100000001110011000011001100001
0111001111011010011100101101110001010111001100011100000001000000000111000000011100000001110000001111
0000000000000011000100000000101000011111100111110010011111001001111100100111110110011111110000111111
1110111001111011100111100110011110011001111001100111110110010011000001000001000100001100000001100000
0111111111111111111111110011111100000011100000111100000011110000000111000000011100000001110111100111
0000000000000111110000111111000111110110001111011000111111100111111110011111111101111111110000000000
1111101111111110011111110001111111001111111100111110000011101101111111000000000000000000000000000000
1111100000111001000011100100001110001001000011100000001110000000111000000111111100010111111111111111
1111100001110000000100000100110000011011110001100111111111011111101111111111111111111111111111111111
1100000111100000011111000000110100000111111000011100111001110111110111110110011111111001111111111111
1110100011110000001110000000011000000001110000001111100001111110000011110000001111111111111111111011
1100000000110000000011000000000000100000000001000000110111111111111111111111111111111111111111111111
1111111111001110000000000000000001100000000100000000111000000001110000000111000000011110011111010000
1111000111111110011111100011111100000111110000011111010000111100000011111000001111100000111110000111
1110000001111000000111100000011100000001110000000110000000111000000011110000010111000001111110111111
1111100111110100000011010000001100000001110000010111000000011100000111110000011111000000111100010111
0000000011000000011100000011110000110000001011111100101111110000110011000010011100001111111101101111
0000111111011111111001111111100111101111001101111100000110110000011111000001111100000111110000011111
1111111111111111111111111011111111000111110000011110000000111100000000111000000011110000001111000010
1110000011110000001111000000111100000011100000001111100001111000000111100000011110000001111100001111
1100011111110011111111000011111010101111101011111110111101101001110000100111000010011110001001111000
0000000000000001000000110011001111001110111100111011110011101110001111011000110001100000000000000000
1110000011110001001110001110010000111001110111100111111110011110000111111000000111000110011000110001
1111100011111100000111000000010000000011110100010111110001011110000101111000000111100000011110000101
0000101111011111111101111001110111000011111100001111110001111111100111011110011101111001111111101111
1111101111110000001111000000011100000001110000000111000000011100000000110000001111001101111001101111
0000000001000000000110000000011100011000111111110011001100001100011011110001111111000111111000111111
1111001000111100100011110001001110000100111100100011110011001111001100111100110011110011101111001110
1111000001100000000100000100110000111011100011100111111100011111111000111111111111111111111111111111
0000011111100001111111100111111100111111111011111111101111110000001111000000001100000000000000000000
1111000000111100000011100000001111000000111100000011100000001110001100111111010011110100001111110010
1111100111111000000111000000011100000001110100001110000000111000000011100000001111001100111100111011
0001000000000110101100111000110111100111000001111100000010010000000001100111000011011110011111111111
1111001110111100111011110011111110000011111000001111100000011110000011111000011101100000111110000111
1111001111111100011111110001111100000011110000001111000000111110000111111000011111100001111110100111
1111111111110001111110000011111000000111000001101100000011110000011111000001111100000011111000000001
0000011111000000111100001011110000001111000100111001110001111111000111111000011111000001111111111111
1011000000000000000000001000001000011100010001100000000110001100111000101011110000101100001111110111
1111101111111100001111111110111101000011111110111111110001111111000011111000000111000100111000110011
1110000000111100000011101000001111100000110110000011011000001111100000111110010011111001001111100000
1111111111110010111111000011100000000100110000010011110000001110001101111000011111100000111111111100
1110100111111010001111000000111100000011110000011111100000111110000011111000001111110000111111001011
1110100000111001000011100100000000011000000011000000001110000000111011010111111111111111111110001111
1101000001110100110011001011001100000100110010000111000000111100001111110000111111010111111111111111
1111001111111100111111111011111111001111110010011110000101111000001111110000111111110011111111011111
1101011110010000111001100011000100000100000001000000000000000000000000111101111111111111111111111111
1111000000110111110011001111001100001000110000000011000000111100001111110001111111000111111111111111
1111010000111110000011100100001100011000000011100100011111000000111000001111111100101111110000111111
0000000000100000000011100101001110110000111001000011000100000000011111000101111111111111111111111111
1111100011110000001111000000011100000001110000000111000000111001000011111100001111100000111110111011
1101000000111100000011110000001111000000111110000011111000001111000110111101011111111000001110011110
1111000000111100000010011100001000100000101000010000000010000000000111000000011100000001111110011111
1111111111111111111111110111111111001111111100111111110000110011000000000000000000000000000000000000
0011111100001111110000111110001001101000100111100010011111000001111101001111110000111111000000100000
1111100111111110011111110001111111000111111000011111100001111111001111100100011111110011111111001111
0111110111111110011111001101111100100110110000011011000001111110000110110000010010000001101000000111
1111111111111110111111111001111111101111111110111100000001110000001111000000000000000000000000000000
1111111111111111111111111111111100110111110011011110001100110000110001000000010000000000000000000000
0000000110000000011010100011101111111100101010011110101111110011011111001001111100001111111001111111
1111001111110010001111000000011000000001100000010110100001011010000001110110001111001100111100110011
0000011111000001111100000011110010001111001110001100111000110011100011001111111100010111110001111111
1111001100111100110011110011101110000111111000001111100000111110000111111000011111000011111110101111
1111001111111100011111110001111111000011111000000111100001011111000011111000011111100001111110000111
1111111111111111111111111011111111100111111100011111110000110011100000000001000000000000000000100000
1110000000111110000011111000001111100000111110000011111100001111110000111111000011111100001111100000
1111101111111100001111111100111111100101110110111111000011111000000111100000011110000001111001100011
1110111110110000011111000111111100011111000001111100011110111000110001100000000111111111110111111111
1100000001111000000111111111111110011111110100111110001110110110011011001111100000011011000000101000
0011110000001111010000001101000000100110000011101010101100111111000111111000011111100001111110000111
1111111111111000001111110010111110000001110000011111000001111100000111110000011111000011110100000111
1111111111111111111111111001111111000111111000011111100001111111000110111100010011110000001011000000
1111111111001100111100010011110100000111001000011101100001110111001111001100111100010101110111111111
0000000000000100000000000000000000010000000111111100011111111111111111111111111111111111111111111111
1111000111111000001111100000111110000111111000011111100001111110000111111000011111100001111111111111
1111111111111000111111100011110000001111000100000011110000001110000111111000000111000011101100001101
1111000000111000000011110000001110100000111110000011111001001111001100111100110011111011001111100111
0000111111000000111000010011100001001100000000101111100011111110001111110000011111000001111100000011
1111101111111100011111110001111110000111111000001111100000111110000011011000001101100000110000010011
1111000100111110011011101111101110111110111011001100100000000000000000100000001100111111111111111111
1111111001111000100111100010111111001011111101101111110100111111110011000001000100001100000000100000
1111111111111100111111110011111011001111111000111111101000011100110111000000000000000000000000000001
1111111111111100111111100011111110000111111000011111100001111110000111111000011111000001111110000111
1111001111110000001111000000111000000011100000001110100000111011000111001100011110111000111101111011
1100000000100000000010000111001100111110100011110011001110111110111111111111111011111111001111111000
1111011111111100111111100011111100000111110000011111000001111100000111110000011111100001111110100111
1111000001111111000011111000001111000000111110000011111000001101110000111110000011111000001111000101
1111101001111000000011100000011110000000111000000111110001110111000111111100111111111111111111111111
1111000111100100000110010000001010000000111000000111110001001111100110110111001011001100101100110011
1111000011111000001111000000111100000011111100001111110000111110000011100000001100000011110001100111
1111010000111110000010100100001110110000000111100000011110000000111100000011110100001111110001111111
0000000011000000011100000011110100111000010111011100011111110001111000000111100100001110010000111011
1110011111111000111110000001100000000100000000011100000001111101000111110000011111110001111111111111
1000011000100011100100111111100001101110100110100000110010000011001000001101100001110110000111111000
0001111110000111111000111111100011001111000100011100010000000011001100001000110000110011000000000101
1100001111110000001111000000111100000011100000001110000001111000000011111100001111101111111111111011
1111001000011100110000010001000000000100111100000011111010001111111001111111100100001111111111111111
0000000000000010000000001100001110111000111111111111111111111111111111111111111111111111111111111111
1111101111111100111111110001111111000011111000001111100000111110000111110000011111000001111100001111
1111101111111111110000010010000001001001111101011110001100000001110000000111000000011111100000011111
1110000011111000011111100000011110000001111000001111110000111111000011111100001111111111111111111111
1111100011111111001111110000111100000001110000000011000000001100000100110000001111100000111110000111
1111111111111101111111110011111111001111111000111111010111001001011111000000000000000000000000000000
1100100011100000000100000000010011111011110000001110001010111000000011100000101110011000111111100011
0000000000100100000011100111110000001110000001111011100111101110011111110010111111100111111111001111
0110000001111000000111001010110000111001000011100010011110011011111001101111110000111111000000111000
1100000001110100000111010100011101110001110110010111111000011111100011111110001111110000111111000011
1111111111111111111110000000111000000111100000011110000001111000000111100000011110000000111111111111
0000000011000000011100000011110000111000010111111101011111110000111000000111100100011010110001000011
0000000010001111011000011111100001111000000111100000011110010011011111001111111111011111111100011111
0000000000100000000010001100001100011000100011110000011111100001111111111111111111111111111111111111
0011111100001111110000111110001001101000100111100010011111000001111101001111110000111111000000100000
1111111111111110011111111001111111000111111100001111100001111111000011000000000000000000111110000011
0000000000000000100000110011111111001111111100111111110011111111001111111000011011110000001010000000
0101001111000000011100000001110000010111000000011100000001110000000000000000000011110000001110011111
1111111111111111011111111001111111100011111110000111111000011111000011111100001111110000111110010011
1111000111111100011111110000111111000111111100011011011111110001011111000000000000000000010000000000
1100100011100000001110000000111000010011100000001110000001111001000011111000001111000000111111111011
0000000000000000000000000100000000011000111111111111111111111111111111111111111111111111111111111111
0011111111100111111111001111110100000111000000001100000000010000000001000000011100000001001000000000
0111111111011100011101100000111110000011011000001100100000010010000010011000001001100000110011000011
0111001111011000111100100111110010011111000000111100010011000000001100000000111100000011110000001111
1110000011110000000111000000011100000001110000000111010000111101000111111100011111110001111111111111
0000000000000000000000000000000000111001111111111111111111111111111111111111111111110011111111111111
1111110000111110000011101000000100111010000011000000011000000001111000000111111111011111111111111111
1100000101110001010111001101011100111101110011000011001000001100000000110100000011010100000111111111
1111111111111000111111111100011111110001101111000100101100010010000000001000100001100000011111000111
1111000001111100000111111100010111111011110011111111001111111100111100110100000010011000001011110000
1100000001110000011111100000011011110001110111000111001000111110000011111100001111110000111111001111
0000001100000001111100101111110001111111000001111100000010110001111111000111111100111011110010001111
1001000101100100010110010000011000000001101000110111010010111000000111000000011111000000111110110011
1100000111110000010111110000011111110001101110000110111000011000000011111000001111100000111111100111
1000011000100011100100111111100001101110100110100000110010000011001000001101100001110110000111111000
1111001000111100110011110001001111000100111100000011111000000111101000011100000011111000001111101100
1111111111111111111111111111111111001111111100011111100000111100000011110000000111000000011111111111
1111101111111111111111111111111100000011100000001111000001111100000011110000001110000000111000000111
1110001111111000011111000001111100000111111000111111100011111100000001100000001110000001111111000000
1111111111111101111111000011111111001111110000111111110011111111000000000000000000000000001000000000
1000011000000011100100111111000001101110100100100000111110000011001000001101100001110110000110111000
1111001111111100111111110011111100000111110000011111110000111110000011111000001011100000111110000111
1111101111110000001111000000011101000001101000000110000001111000000111100000011111001100111100111011
1111001111111100111111111001111111100111110001001110001100111000010111110000011111101001111110111111
1111011111111100111111110011111100000111110000001111000000111100000000110000000011111110001110100000
1110000000111101111100000001110000000000111100010111110010001110001111111000111111101000011111111110
1111111001110111000111011000000101101010000110111000011111000101111110011011111001100111100000011010
1111111111111111100111110010011111000001110000000010000000001000000000100000000011100000001100011000
1001111111000000111100000001110000000001010000001110110001111100100111110000001111100000111111111111
1111111111111111011111111001111111100011111110000111111000011111000011111100001111110000111110010011
1111101111111110011111110000111100000011100000001111000000111110000011111000001111100011111111011111
1111111111111100001111110000111110000001110000000011000000001110000000110011110010000111101111001110
1111111111111110111111111001111111000111111100011111110011111111001111111000111111100011111110000111
1111101111111100001111011000111101011001110100000111011001111111000011111100001111100100011100110001
1111100000111101000011101100000000110001000001000000001100000000111111111111111111111111111111111111
1101111111110111011111011001111011000111101100111110000011110000000100000000000000000000010000000011
1110000000101100000010001100000000110001000111000000011100000000111111111111111111111111111111111111
0000000000000001000000000100000000010000000000000011110011111111111111111111111111111111111111111111
1110000111111100011111100001111110000000110011010011011101101101110110100111000011100000001111000111
0000000000000000000000000001111111011111111100000011100000001111111000111111111010001111110000111111
1111001000111100010011100000001110000000111100000011110001101111101111111110111011110010001111001000
1111111111111101111111110011111110001011111000100011100001011100000111100000000011110001111111110111
1000110001110011110000110011100011001100100100100010110010001011001100001100100000110010000011001100
1110000000111000000011100000001100000000110000000011000000001000000111111111111111111111111111111111
1111101111111110111111110110111111001111111100011111110001111110000111011000011100000000000000000000
1111111111111011111111100011111100001111110000111111101011111110101111000000100000000000000000000000
1111000110111110000011110001001110001100111101111011111110001101010000010111000001111100000111011000
0011111110101111110000111111100001101010100100100010010011000001001101001110110000111011000000000000
1110000001111000100111111000011111100001110110000111000000011100000011111001001111111100111111110001
1111100111111100011111110001111100000111110000011111100001111110000111111000011111100001111111001110
1110000000111001101011101111111101101111110100010110110001001111000011110000011111100001111110000111
1111111111111101111111100011111110001111111000111111000011111100001111110000111111100011111110011111
0000000001000001000010000100001000011000000011100000001111001111111111111111111111111111111111111111
1110000111110000000111000000001100000000100000000110000001111000000111100000001111000000111110000111
1111111111111111111111111011111100000111111100011111110001111110000111111001011111110001111111100111
0001111111000000011000011111100001010110001100011111100001111110000111110000011111000001111100000111
1111111111111111111111100111111110001111111000110011100001011110000111111010010111000000001000000000
0000000000000111110011000000110110111111011011011011101111111110111111111011111100001100000011001111
1110000001111011100111011110011101101000110000000011000000111110001111111000111111100011111111111111
0000000000000000000000000000000111000111001110011111111001111111010111111101011111110001111111111111
1100001010010000111001010011100100000010000000001000000000000000000000111111111111111111111111111111
0000001100001111110000111111001011111100111111110011111111111111110111111111000011100001001110000010
1101111010001011101000101111100001011110000001001000000000000000000000001110111111111111111111111111
0000000111000000111100010011110001001111001111101100011100010011110001001110111100011011110001111111
1111111111111111111111111111111111000000000000000000011101000001110000000111000000011100000000000000
1110001101111000010111110001011111001101111100010111110101011111010101000000000000001000000000000000
1110111000111011010011001101111000011111100011011111001000101101100010111111001011100000001111000000
1111111111111001111111110111111110001111111001111100000111110000010011000000011100000000000000000000
1111111111111110111111000011111100110111110011001111001000111000100011110010001100000000110000111111
1110100000111111110011111111000000100100100010010010000000011000000111100000111110010011111010111111
0000000000000001000000100111001111011110111101111011100111111110011111111000111011000000000000000000
1110000111111000011111100000111110011111110111111111011111111111111111111111111111111111111111000111
1111101111111100111111110011111110001111111000111111100011111110000100111000000011100000000111000000
1111111111111111111110010001111100000011110000000111100000011110000000110000000011000001001000000101
1111000000111101000011100100001100111100000011100000001110000001111000000111111110011111111111111111
1000011000000011100100111111000001101110100100100000111110000011001000001101100001110110000110111000
0000000000111111100011110011001111111100111100010011111111001111111100111111110011111111001111111100
1111111111101001101100000000110000110000000001100011111111111110111111110000001110011000011001100000
1111111111111111111111110011111111000111111000000111100000001110001111111000111111100011111110001111
1000000000100001000010001100001000111000000110000000011001110001101111111100111111111111111111111111
1111001100111100010011110000001111000010111100011111110001101111101110111100111011110000001110001000
1111000111111100111111100011111110000111110001111011010111110000000000000010000000000100110000010111
1111100110111110011011111001001111000000111100000011110000000111100010001100000011110000001111010000
1111111111111100111111110011111111001111111100111100100000111111001111000000000000000000000000000000
1110000111111000001111100000011100000001110000000011000000001100000011100000011110000011111001111111
1111111000111101000011110101001110010001111000000111100000111110000000111000100011100000001100110100
1111111111111011011111001000001100100000110100000110110000011011000011111001111101101111110011110111
0000001111000011111100010011110000001111000111001100111100110001111011000111111100001101110001111111
0000000000000001000000000100000000111011111111111111111111111111111111111111111111111111111111111111
1111000111110000011111000000111100001111111000111111100011111000000111000000011110000010111110000001
0000000011000000001100000000110000000111000000011100000100111111001111111111111111111111111111110110
1000001000110001110011000110001110101111111110011001110001110111100111001110001100001000010000100101
1111100000111110010011110001001111000100111100011011100001100110001110011110110011111010001110101100
1110100111100111111110011010111000010011110000111111000000111000000011110000011111100111111111011111
1111111111111110101110000001110000000001000100000010111001101011100010011110011000010000100000111101
1111000111111101011111110001111110001111111101111010011111110000100000000000000000000100010000000000
1111001110111100111111110001111111000100111100110011100010000111001100001100100011110000001111000000
1111101000111000000011000000000000000000000100000011110000011111110001111111101011111011111111001110
1000000000100000000010000100000000011000000011100000001111111111111111111111111111111111111111111111
1111111111111101111111110111111110001111111000111111000001110100000111000000011110000011110000000000
1000000000000000000000001111000001111000000011000000001100001111111000111111111111111111111111101111
1110000111110000001111000000111010000011101000000111100000011110000001111000001111100001111110000111
0000001111000000011100000101110000000111000010101110010011110000011111100000111111111001111111110011
1111110000000110001110011000111000000000100000001011000001100100001101000000101100000000011100000001
0000000000000000000000000000000001111100000111100111111111111110111111111111111111111111111111111111
1111111111011110111100010001110001000111001100011101110001111111000111011010111100101001110111111111
0011100101001100010000110001100011001110001100011000110001100111100110111110111100101001110000000000
1011111101111000011111111111111111111111111010111111000001110110000111001100001000000000000001100001
1111110111111110001111111000110000000001000100001000111111100001100000100110000010001000111000001111
1111100111111000010111000000011100000001100000000110000001011001100111100000001110001110111101111011
1110000000111001110011111011001001111100100011100010001111011000111011100111111110010111111010011111
0000001111001001111100100011110110100011000000111100001111000111111111000011000011110001000000001001
0011111111011111111011110001100111001111000100010000110001000011000110001100011000110001000011001100
1111111111111101001111110100011110010000111000000001100001000010000000101000010000100000101111001111
0111111111111001111111100011111110001111010000011101000011110000001111000000011100000011110000001111
1111000000111110000011110000001111000000111100010011110001001111000110011100110011101010001110100100
0001000000000010001101111000010010100111000001111100110011110011100000100110011011111111111111111111
0001111111000100111100110011110010000111001000001100100000110010000011001011111100101111110011111111
1100111101111100011111110001111111000101011000011011100001111110000111111000110011100011111110001111
1111111111111110111111110001111111101111111100011110000001111000000111000000000000000000000000000000
1111111111111110001111111111111111111111011100101101000010010100001000000000000000000000000000000000
0000100000011111011011011101101111100000111110000011111100001001110000100110000011110011110111001110
1111100000111000000011100100001100010001000111110000011110000000110000000111101100011111111000111111
1111111111111111111111110011111111000111111000011110000011111000001111100000011000000001111111111111
1111001000111100000011110001001111000100111000010011100000101110000110011100010011110111001111011100
1110100000111000000011001100000000110001000010000000011100000000111111111111111111111111111111111111
1111111001111101100111100011111110010111111001011111100111111110011111000000000100000000000000000000
1111111111111100111111110001111111000111111100011111100001111110000111111000011111000000111111111111
1111111111111101111111100111111100001111110000011110000001111000000111000000011100000011111110001111
1111100011110000000111000000011101000101110100010111100000111110000011111000001111100000111110000111
1111111111111111111111000000111000000001100000000110000000001000000000100000000110100111011111111111
1111111111110001111111000011111110001111111000001111100000111110000011000100011100000000010000011111
1100011111110000111110000011111000001111100000111111000001110111000011111100000011111100001111111110
1111100111111100011111100001111110000111111000011111100000111110000001111100000011110011111111011111
1111111111101111110110110010001111000000111100100111110010001111001001101100111010110101101011110111
0000000011000000011100000011111111011111011111111100001100000001111000111111111011111111110000011111
1101000000100101110011000011001100111100100011100010001110010000111011000011111100011111110001111011
1111111100111100000011100000011111000011111000001111000000111000000111100000111110000011111011111111
0000011111000000011001010101101111011000011100000111110001111110000111111000110111000011001000001100
1000011000100111110100011111100001100110100110100010110010001011001100001100110001110110000111011000
1111111111111101111111110011111110000111111000011111000001111100101111110000011010000001111111100011
1001100000000110000000011000001001111111100111111100011100000001111000111111100011111111111111111111
0011111110001111111001110011100011001110100100110010010011000011001100001100110000110011000011001100
1000011000111111100010001111011100011101111011100111001110011100111001110111100111111100011001110001
1111111111111100111111110011111110001111111000011111100001111110000111111000011111100001111110000011
1111101111111000000111000000011100000001001100010111100000111110000011111000000111001100011100110011
1111101111111110111101110001110010000011000000001100100000110000010111000111111000001001001000111111
1111111111111111111111000111110000000000001100001111110011011111111011101111111010110000000000000000
0001000000000000000000000000000000111011111111111111111111111111111111111111111111111011111111111111
1111100111110000011111000000011100000001110000010111000001011000000011100000001110000111111000111111
0000000000000000000000000111110000010011001111111101111111000011111000000111100000011100000101101100
1111111111111110111111010001111100000011111000011111100001111111000011111100001111110000111111000111
0011111110001111111001110011100011001110100100110010010011000011001100001100110000110011000011001100
1111111111111110111111110001111110000011111100011111100000111100000011111000001111100000001111101100
0000000110000000001100000110010000110111000000111100000001110000000111000000011100111010110111111111
0111111111111111111111110001110111001111101100110010100001101010000110001000011000100001100111001110
1111000000111100001111110000111111000011000000100011111010111111011111000000111100000000000000010000
1111111111111110001111111000111100000000100000000110010000011000100001100000000100000000000000011110
1111011111111100111111110011111110000111111000001111100000011110000111011101111011111111101111011111
0111111111111111111111111111111100000000110000000011000000000000000000000000000000111111110001111110
1111111111111000001111100000111110000011110000001110010000111101100011011110001100111111111010111111
1111100001111110011111001111111100111111110011110001111111000000001100000011111000001111100000111110
1000000100100001011010001110101000111011100011011110001100001000111000100011100010111100001111011111
1111111111111111111111111111111110111111000010000000001000001100000000111000000000100000000011000001
1111000111111100001111100000010010000001111100011100110011110010000011111001101110110011111111001111
1111000111111111011111111111111111110011111000011111100101111111000111100111111010011111001000111000
1110000000111100000011000100001100010000110000000010000000001000000111000000011111100001111111111111
1111001111111100111111110011111111001111000100111100000001110000001111011000111111100011111110001111
1010000000101001000010011111001000111100000011100000011110000111111001001111101100011110110001111011
1111101111111100111111100011111010001111000000100000000010000110000111000000000011000000000000000000
1111111111111101111111110011111111000111111000011111100001111110001100111110000010000000001000000000
1111111111111110111111110001111110000111111000001111100000111110000011111000001111100000111111011111
1111101111011000000011001111000100111110000000000000110000001011110011000100001111011000111111111000
0011111110001111111000110111001001001000100100100010010111000001011101001110110000111011000000000000
1111111111111110111111110001111111001111100000111110000011110000001101000000000000000000000000000000
1100100011110000000111000000011111000101101100010111110000011100000011110000001111000000111110000111
0011111110011111111001111011100111111110000111010000011111000011111100001111110000011111000011111100
1110000001110101110111010110011100000000110000001111000011111100001111110000111110011111111111111111
1111010000111111100011111111101111101110110110001000000010001000000011000000011100100001110110011111
1111000111111000011111100011111110000111111000011111000001111110000111111110011111111001111111001110
1111001111111100011111100001111110000111110100011111110001111111000110111100011011110011101111001110
1100111111110001111110011000010001000000000000000100000000010000000001000000000100000000001100111111
1111111111111101111111111111111111111111101111111110001011110000001101000000000000000000000000000000
1111111111111100111111101011111110001111110000011111000001111110000111100000011110000001111000000111
1111011111111000111111100001111110000111111000011111100001111110000011111000001111000001111110101111
1111101111111100011111110001111110001110111000011111100000111111000111111110010011111010001111100111
1000110001110011110000110011100011001100100100100010110010001011001100001100100000110010000011001100
1110000000110000000011000000001101000000110111000011111100001111111000111111100011111010001111111000
1000000000110000000011001100000100100000000000000000000111111111111111111111111111111111111111111111
1111111111111110011111110001111111101111111100111111110011001001111111000000000000000000000000000000
1111001100111100111011110011101110000011111100001111110000111110000111111000011111100001111111001111
1111111111111100111111110011111110001111110000011111000001111100000011101000001100100000111101100011
1111000011111110000111111000001101000000110100000111100000011111000001111111000111111000011111000001
1111111111111110111100110001110111000001000000010011111001110001100101011110001111100000110001000011
1111001111110010000111000000011100000101110000100111000000111000001111110000011110011001111001100111
1110001000111111100011111111001000000001100000000111000000011100000111101110001100000000110000000011
1111100001111100001111110000111111000011111010011111111011111001011111110000111110000111111000111111
1110000001111100001111110000111111000111111100011111110001110111000111011010001100001100110000000011
0010111111000000111101101011111111111111011011111100001111110000110001000011000111101101111101111111
1111000000111111110011001011001100000000110000000011000000011110001111111000111111101111111111111111
1111101111111100001111110001111110000011111000001111101000111100000011110000011111000001111100000111
1111111111111111111101110011110001001111000000100000000110000000011000000001100000000000100000000011
1111111111111110011111110001111110000011110000000111000000111111000011111100001111110000111111011111
1111110011110000001111000000011100000001110000000111000000011100000001110000001111101111111101110011
1111100011110101000110010000001000000000111100010110110001011011000011101101101110111000110011000011
1111001111111100011111110000111111100011111111001111111100111111110011111111111111110011111111000111
1111111111111011011111100000111110000111111000111111000011111100000011110000001111011000111001100001
1111111111111111001111001000011100100000110001000010000000001000000000100000000010000000001010000000
0000000000000111110000111110001111111000101111110001111111000111111110111111110111111111100000000000
1111000111111100010111110000001110000101111000010111100011111111000111111100011111110000111111100011
1000001010100011101110001110111000111001100011100111001110001100100000100010000010011010011111101111
1100000011100000000110000000011000000001100000000111100000111110000111111000011111001001111001100111
0000000111000000011100001101100111110011001111111100001100000000110011000010111100000111111100111111
1111100111111111001111000000011100000001110000000111000000111100000011110000001111110001111111011111
1111100000111110000011110001001111000110111100000011100000001110000110111110111001101010001110101110
1111000111000011100100001110000000101000000110110011111111111111111111110111111100010010000000001000
1111111111111111111111111011111110000111111000011111110001111111001100111000100011100000001100110000
1100000000111010000011111100000111010000000111100000010100000001110111001101011111111111111111111111
1111001111111100000111010000011111000000111100000111110000011110000001111000000011100000111110010011
0000000000000100000000000000000001011000001111110000001111111111111111111111111111111111111111111111
0001000001001100101000111111100011110110001100111001110001101111000110001000011100000000000000000000
0000000011000000011100001011111111001111111101111100000110000000011100110011111000001111101100111111
0000100000000000000000000000000001000000000111100000111111111111111111111111111111111111111111111111
1111001111110000001110011100111010000101001000010111110000111110000011111000001111000000111100110011
1111000001111000000111100001001110000001111000001111110000111110000011111000001111100000111111100111
1111111000111000000011000000000000000000000100000011110000011111100000111110001011111011101111001100
1100001111110011101111011111111100101111100000011110000001111000000010100000011000000001000000000100
1110011000111000100011100011001110001100111000110011100001101110001100111110110011110100001111110111
1111101111111100001111100000011111100011111100001111110000111111000011111000001111100000001110101111
0011111110001111110000111111100001101000100100100000010111000001111011001111110000111111000000110000
1111110011111111001111101111111110111111111001111011100011111110000111110000000000000000000000000110
1111111111111110111111100001111110000111111000001111000000111110000011110000001111000000111111111111
1111100111111100000111011100011101110001110000000111010010111100000111100000011110001001111001100011
1111001100111100000011100000001110000000111000000011111000001111100000011110000001111000001111101000
1111000111110000001111000000011010000011111100010111000001011100000011110000000111100000111110000111
1110000111111000011111100000111000011011100001101110000110111000000011110000001111110111111011000001
