0000000111000000011100000001110000000111000000011100000001110011111111110011111111110111111111101111
1111111011100111100110101111011010111101111011110110001100011000110001100011100110001110011101111101
1111111111110111101110001101011000010100101001010110001101011000110001100011000110001110011111111011
1111111011110111101110001100011000110001100011000110001100011000110001110011000111001110111111111011
1111111011110011101111111111111010111111100011111110001100011100110001110011000111011100011111111111
1111111011100111101110001110011000110001100011001110001100111000110011100011001110001100111111111111
1101111011110111101111001110111010110101100011000110001100011000110001100011000110011100111111111111
0000001111000000111100000111110000001111000010111100010111110000001111000100111111100101111111111101
0000100001000011001100111101010000100101001010111100011011010001111101010011111110011111111111011111
0000110011100010000010000100000000000001010011101101001110111111110111111011111111111111111111111111
0000110011000001000101100000100000000000000000000011010010011101101111111111111111111111111111111111
1000001001000011100100001110010000000001110011100111001110011010110101101011011110111111111111111111
0100100011000000000110000010010001000111000100010000010000111111011111111111111111111111111111111111
1000111001110000100000000000000000000000010011100111001110011111110101111111111111111111111111111111
1111111111100111111110001111011000111001111101111111100111101101111100110011001000000000000000011111
1111111111110011111111001110011010111001111001110111001101001111010000100111000000001100001000111111
1111111111110011101111001110101010111000111101101011000100001111010001100111000100000100001000111111
1111111111110111100111110011101111001110111100111010000000001000110001101001000110100101011111111111
1100111111110111111111010001110100000111000000011100010001110000001111000000111100000011111101111111
1101111111110111100110001110011000111001100011100110001110010000111001100011100110001110111111111111
1111111011110011101110001100011000111001100011000110001100010000110001100011000111011100011111111111
1111111011111111111111111111111110010111111001001101100100000011110000100001000010000100000000010001
1111111111111111101111011111111010110011100001001100000100011000110001100011000110001100011000110001
0000001101100000001000000000010000000001000011100110001110010000011111000001111100000111111101011011
1111100001111110000111011000001001100000100000000110011000011001100001111110000111111000011111111011
1111111111111111111111110001111111000111011100011001110001100111000100010100010001110011000101001100
1111111011100111100110101111011010111101111011110110001100011000110001100011100110001110011101111101
1111111011110111101110001100011000110001100011000110001100011000110001110011000111001110111111111011
1111111111110111101110001101011000010100101001010110001101011000110001100011000110001110011111111011
1101111101110111110111101110001110111011111001101111000110011100010001100011010111001101011110111101
1100110011110001001111000100111100100011110011001111001000111100100011110011001001001100100000000011
1100111011100011000110001100011010010101101001010010101101111000110001100011000011001110001101111010
1111111111110111101111001110011000110001100011000110001100011000110001110011101111011110011111111011
1101111011110111100110001110011000111001100011000110001100011000110001110011001111011110111111111111
1111101111111100011111110000111110000011111000001111110000111111000111111100001111110001111111111111
1111101111111100011111100001111110000111111000011111100001111110000111111000011111100011111111111111
1111001111111101111111110001111110000011111000001111000000111100000001110000000111000000111100000011
1111001111111100011111110001111110000111111000011111110000111111000011111100001111110001111111111111
1111111111100111100110001110011000110000100011100010011110011001110001100011000110101110011111111111
1000111001100011000111110111111010011101101000110111000100011100010001110001000111001110111111111111
1111111011110011101111001100011000010001100011000111001100011100110001110011000111001100111111111111
1111111111100111001100011101110000111011000011111100011111110011100101011110000111110000110000000111
1001111101000111000000001110110000111011000111101100111101110111100111111100000111110000011110000011
1101111111100011000110011100110000111011000011111100011111110011101111011110000111110000010010000011
1111111111110111101110011001111001000011000100011100000011110000001111000000001100000000010000000011
1111111111100111100110011000110011000011001000011100000011110000001111000000011100000000010000000011
1111111111111111001110110001111001000111101100011100000011110000001111000000001100000000010000000011
1111111011111101101100110001111111000111111000111111000011111000001111000001111100000110110000111111
1111111111101111101110110001111011000011111000011111000011111100001111100001111100000110111000110111
1111111111111111101110110001111011000111011100011111100011111100001111100000001100000100111000010111
1111111111111111101111011001111011000011101100011110100011111100001111100000001100000100111000010111
0010110011001111000011111100111111100011111110001111110001111111000111001110111110011001111001111111
0001011011000101100111010110001111100001111111001111110001111111100111110010011111001111111101111111
0000111011001111000111011100001111000001111110001111111001111111000111111000111111010011111111111111
1111111111111111111100111111110000111111000011111110000111101110000111111110001111111110011111111011
0001011011001111000101001100001111100011111110001111110001111111100111111110011111001111111111111111
1111111111000111111100001111110000011111100001111111000011011111000011111111000111111110001111111111
1111111111110111101110001100011000110001100011000110001100011000110001100011000110011100111011111011
1111111111110011110111001110011000011001000001111100000111111000011001100001100100000110011000011111
1100111011110011101111001110111000011011000001111100000111110000011011000001101100000110110000011011
1101111011110011101100001100010000100001000011000110001100011000110001101011001110101100111111111011
1111001111111100111111110011111100000111110000011110000000111100000011110000001110000000111100000111
1111111111101101111110010011110000000111111000011111100011111110001111111100111111110011111111001111
1111111111001110111100110011110010000111111000011111100001111110000111111010011111101011111110101111
0111111111001100111100110011110100000111010000011111000001111110000111111000111111100011111111001111
1100000011010010001101111001110111100011111100000111100000111110000111111000111111100111111111111111
1111101111111100011111110001111110000111100000001110000000111000000011100000001100000000111100000011
0111111111001110111100110011110100000111010000011111000001111110000111111000011111100001111110001111
1111111111001110111100110011110110000111011000011111100001111110000111111100011111110011111111001111
1101111011110111000110001100011000110001100011001110001110011000111001110011000111011100111111111111
1101111111100111001110001100111000110001100011000110001110011100111001110011100111001110111111111111
1111111111110111101111001110111000111011100001101110000111111000011011100011101110001110011000111111
1111111111110111001111011100011101100000111110000011111000011001100001100110000111011100011111110001
1111111111111100111111100011111110000111111000011111110001111111000111111100011111110011111111001111
1111111111111100111111100001111110000111111000111111110011111111000111111100011111110011111111111111
1111111111111000111111000011111100001111110000011111000001111111000111111100011111110001111111111111
1111111111111100111111100001111100000011110000001111000011111100000111111000011111100001111110000111
1111111111111100111111110001111111000111111100011111110001111111000111111100011111110001111111111111
1111111111111100111111100001111110000111111000011111100001111111000111111100011111110001111111111111
1111101111110000111111000001111100000111110000011111000001111111000111111100011111110001111111111111
1111111111111100111111110011111110000111111000011111000001111110000111111000001111100000111110000111
1111111111111111111111110011111110000111111000001111100000011110000011111000011111100001111110000111
1111111111111000111111000011111100001111110000111111100011111111000111111100011111100011111111101111
1111111111111000111111100011111100000111110000011111000001111110000111111000011111110101111111010111
1101111111100111101110001100011000111001100011001110001110111000111001110011000111001101011111111111
1111111011100111000110001100011000110001100011000110001110011000111001100011100111011110111111111111
1111111111111100111111100011111110000111111100011111110001111111000011111101001111110110111111011111
1111111111111100111111110001111111000111111100011111110001111111000111111100011111110001111111111111
1111111111111100111111100001111110000111111000011111100001111111000111111100011111110001111111111111
1111111111111111111111110001111110000011110000001111000001111111000111111000011111100001111100000111
1111111111111100111111110001111110000011111000001111100001111110000111111000011111100001111111000011
1111111111111000111111100001111110000111111000011111100001111111000111111100011111110011111111111111
1111111111111100011111100001111110001111111000011111100001111111000111111100111111110011111111011111
1111111111111100111111110001111110000111111000011111100001111111000111111100001111110000111111111111
1111101111111100111111100001111111000111111100111111110011111111001111111000011111100001111111111111
1111111111111000111111100011111100001111110000111111100001111111000111111100001111110000111111011111
1111111111111100111111100001111110000111111000001111000001111111000111111100001111110100111111011111
1111111111111100111111100001111110000111111000000111101000011111111001111111100111111111011111111111
1111110001110010000011001010001000110000100010000010011100001010110000101111000011011001001111111111
1111110111110110010011001000001000100000100010001110011100001010110001101110001111111001001111101111
1111111111110111101111000000111000000011111000011110000000011000000001111000011111110011111111111111
1111111111111001100110000100011000010001100001100110000110011000011001100001110111000111111101011111
1111111011111001100110000100011000000001100001100110000110010000011001100001110111000111111101111111
1111111011111001100110000100011000000001100001000110000110010000011001100001110111000111111101111111
1111011111111001100111000100011100010001100001110110000111011001010001101111000111110101011100011111
1100011101111100110011110010001111001000011100100011100010001110001000111100100010000010001000001111
1110011000110000100011000010001110010000111001100011100110001110001000111000000010000010001100001111
1111111111111101110111110110001110010000111000100011100010001110000000111000000010000000001000011111
1110011001111101110011010110001110010000111000100011100010001110000000111000000010000000001000011111
1111001111111000111111100001111110000011111100000111110001111110000111111000011111100001111111111111
1111001111111100111111110001111110000011111000011011100001111110000111111100011111110101111111111111
1111001111111101111111110001111110000011110000000110000000011100000011110000001111000000111110000011
1111111011110111100110001110011000010000110001000010001100011000110001100011000110101110011111111111
1110011111111000111111100001111110000101111000010111100001111110001111111000111111100011111111101111
1111111111110011100111000110011000111001110001000111000110011000111011110011101111001110111111111011
1111111111110011100110001111011110111001110011000111001110011100111001110011100111001100011111111001
1111111111110111100110001100011100111000100011000110001100011000010001101001101110110110111111111111
1111111111110011101111001110011000010001100001000111000100011100110011110011001111001100111111111111
1101111011100111101110001100011000110001100011000110001100011000110001100011000110001110011110111111
1111111111100111001110011100011000110001100011000111001100011100110001110011000111011110011101111111
1111111111110111001110001100011000110001100011000110001100011000110001100011100111011110011101111111
1111011111111111111111110001111110000011110000001111000000111100000001111000001111100000111110000111
1111111111111000111111100001111110000111111000011111110001111111000111111100011111110001111111000111
1111101111001110111101110011111110000111110000011111000000111100000011110000001111100000111110000011
1111101111110000111111000001111110000111111000011111100001111100000111110000011111100001111110100111
1111111111110000111111000001111110000111111000011111100001111100000111110000011111100001111111000111
1111111111111100111110110001111010000111101000011110110001111011000111101100011111110001111111010111
1111101111111000111111100001111110000111111000011111100001111110000111111000011111100001111110100111
1111011111011101111111100011111100000111110000001111000000111000000011110000001111100000111110000011
1111011111110001111111000011111100001111111000011111110001111111000111111000111111100111111111001111
1111111111110100111111000011111110000111111000011111100001111111000111111000011111110011111111001111
1111111111101100111111100001111100000111110000011111100001111110001111111000111111101011111110101111
1111011111111000111111100001111110000111111000011111100011111110000111111000011111110001111111000111
1111111111100111001110001100111000110001100011001110001100111000110011100011000110101110011010111001
1111111111110111001110001100111000110001100011001110001100111000110011100011000110101110011010111101
1111111011110111101110001100011000110001100011000110001100011000110001100011000110101101011110110101
1111111111100111001110001100111000110001100011001110001100111000110011100011000110101110011111111101
1111101111111111111111110001111100000111100000011110000001111100000011111000001111100000111110000011
1111111111100100111111100001111110000111111000011111100001111110001111111000111111101011111110101111
1111111111111000111111100001111110000111111000011111110001111111000111111100011111110001111111000011
1111111111111000111111100001111110000111111000011111100001111111000111111100011111110101111111010111
1111111111111000111111100001111110000111111100011111110001111111000111111100011111110001111111000011
1111111111100100111111100001111110000111111000011111100001111110001111111000111111100011111110101111
1111101111011100111101110011111110000111110000011111000000111100000011110000001111100000111110000011
1111111111111000111111100001111110000111111000011111100001111110000111111000011111110101111111010111
1111111111111000111111100001111110000111111100011111110001111111000111111100011111110001111111000011
1111101111110000111111100001111110000111111000011111100001111110000111111000011111100001111110100111
1111111111110000111111000001111110000111111000011111110001111110000111111000011111110001111110010111
1111111111111000111111100001111111000111111100011111100001111110000111111000011111111000111111000011
1111111111100110001110011100011001110001100011000110001100011000110001100111000110011110011101111101
1111111011100111001110001100010000110001100011000110001100011000110001100011000111001110011110111111
1111111111110111001110001100010000110001100011001110001100111000110011101011000110101110011110111101
1111101111100100111111100001111110000111111000011111100001111110000111111000011111100001111110000111
1111111111111100111101100001111110000011111000011111110001111110000111111000011111110000111111000011
1111111111111000111111100001111110000111111000011111100001111110000111111000011111110001111111000111
1111001111110100111111100001111100000011100000001110000000111100000011111000001111100000111110000011
1111111111111000111101100001110110000111111000011111100001111110000111111000011111110101111111010111
1111001111011100111111100011111100000111100000001110000000111110000011111000001111100000111110000011
1111111111110000111111000011111100001111111000111111100001111110000111111000111111100111111111001111
1111111111110100111111100001111110000111111000011111100001111110001111111000111111101011111110101111
1111111111111000111111100001111111000011111100011111110001111111000111111100001111110000111111001011
1111011111111100111111100001111110000011111000000111100000011110000111111000011111100001111110000111
1111111111110100111111100001111110000111111100011111110001111111000111111000011111100001111111000111
1111111111111111011110011000111000100011100010001110011000110000000001101010001111101100111010110011
1111111111110111101111001100111000110001100011000110001000010000100001001010000110101100001011111101
1111111111110111101110001100111000110011100011000100001000010000000001000111001110011110111011110001
1101111011110111101110001110011000111001100011000110001100010001100011000110001110011110011111100111
1111111111111100111111100011111110000111000000001100100001110000000111001001011101110101110010010111
1111101111111100111111110001111101000111010000011111000000111000001111100100111111111001110000001111
1111111111111110111111110001111110000111000000001101100001110100101111010010111101001001110100100111
1111101111111100111111100001111110000111111000011111000001110000001001000100111110100001110000011111
1111011111111100111111100011111100000111001000111101000011110000000111010000011101100000010001111111
1111111111111100111111110001111111000111011000011101100001000100101101010000111101111000010000111111
1111111111111100111111110001111110000111111000011111000001110000001101000010111110001011110001011000
1111111111111100111111110011111110000111110000011111100001110010101111001010111100000011110000011000
1111011111111100111111110011111111000111111000011111100001110000000011000110011100011000111111000001
1111111111111100111111100011111110000111011000011101000001111000000011100000011111110001110000000001
1111101111111110111111110001111111000111011000011111000001111000101111100010111111000010110000001111
1111111111111100111111110001111110000111001000011100100001110000010011011001011101100101110000010111
1111111111111100111111100001111110000111110000011111000001011001001101000100111110010011111010001100
1111111111110011111111000011111110000111001000011101100000110100010110010000011101110001010100011111
1111111111111110111111110011111110000111011000111111000011111000001101100000111111000000110000101111
1111111111111100111111100011111110000111111000011111000001110000000011001100111110110011111000000111
1111111111111100111111100011111110000111111000011111100001110000001111000000111110100011110000001101
1111101111111110011111110001111111000011111000011111000001110000100111000010011110000001110000001111
1111111111111100111111100011111110000111011000011111000001111000000011100000001111100000010000000111
1111111111111110111111110001111111000111001000011101100001110100000111010001011101110100110110010011
1111101111111100111111100001111110000111011000011111000001111000001111100000111111110010110000011111
1111111111111100111111100001111100000111010000011101000001111001010011100101011111110001110110000111
1111111111111101111111100011111100000111110000011111000011110000001101100000111110100011110000001111
1111111111110111101110011100011000110001100011000110001100010000110001100111000100001100011101110111
1111111111110111110110001110011000111001110011100100001100111000110001100011000100001000010001110101
1111111111100111100110011100011000111001100111100100001100010001110001000111000100001100011101110001
1111111111110111101110001100111000110000100011000010000100001000110001111011111111111111111111110111
1111111111110111101110001100011000110001100011101110001100010000100001000010000100001000011001100011
1111111011101111101100011100010000111001000111000100011000010001100001000110000100011000010001100011
0000000000000111000010111100001111001111110000011111000011111000000011100010000000000000000000000100
0000000000000000000000111111101000001001000111111110010011010101101011111110111111111011110010000011
0000000000000000000011001100011101101001111111110100111111010111111101001111110100011110000000000000
1101111011100111001110001100111000110001100011001110001100011000110001101111111111111111011111111011
1111111111100111001110011100111000111001100111100110001110011000111001111111101111110101101111111111
1111111011100111100100001100011000111001100111100110001100011000111001111111101111111100101111110111
1111111111100111001100011100111000110011100011001110001100011000110011101111101111111100111111111111
1101111011110011001110000100111000110001100011000111001100011100110001111111101111111110111111111011
1111111111100111101110001100111000110001000011000100001100011000110001100011101110001110111000111011
1111111011100111101110011100011000110001100011000110001100011000110001111111101111111111111111111111
1111111111110111101110011100111001110011100011001110001110111000111011101011001110100100111111111111
1111111111110111101110001100011000110001100011000111001100011101110001110111000111001100011111111001
1111111111110111101110001100011000110001100011000111001100011101110001110111000111011100011100111001
1111111111110111101110001100011000110001100011000110001100111100111011110011100111001110011100111001
1101111011110111101110011110011000110001100011000111001110111000111011101011100110101110011010110001
1101111111110111101110001100011000110001100011000110001100111000110011100011000110101110011010110001
1101111011110111101110001100111000110011100011000110001100111000111011100011100110101110011010110101
1101111111110111101110001100011000110001100011000110001100111000111001101011100110101110011010111101
1111111111110111101110001100011000110001100011000110001100111000111011100011100110101110011010110101
0010000100011000110001110011100111001110111100110000000000000000000000100001100011000111111111111111
0000000000000000110001110011000111001100011110110101111001010001100011100111001111111110111111111111
0000000000001000100001110011000111001100011110110000111011010111100001111111101111111111111111111111
0000000100110000000011000001000010100100001010010100011001110011100111101111101111111111111111111111
1001111011100111101110011100111000110011100111000110011100111001110011100011000110101100011010110101
1111111111110111101111011110111001110001100011000100001100000000010000100001000011000110001101011001
1111111111101100111111110011111111000111111000001111100000110000000011110000000111110000001111001000
1111111111101110111111110011111110000111110000001110000000110000000001110000001111100000001110000000
1111111111101100111111110011111110000011110000001101000000011100000001110000000111100000001110000100
1111101111111100111111110001111111000111011000001110000000111110000011111100000011110000001111000100
1111011111111110111111110001111111000111111000001110100000110000000011110000000111110000001110000000
1111111111111101111111110111111110001111100000011110000000011000000001110000001111100000001110000000
1111111111111111101111011110111000110001000011000000000000000000000000100001000011000110001101111011
1111111111111111101111001110011000111001000001100000000110000000000000100000000011000110001101111010
1111111111111100111111110011111111000011110000000111000000010000000001110000000111100000001111000100
1110000111110000001111000000111100000001110000000111000000001110000001111100001111110000111111011111
1110000111110000001111000000111100000001110000000111000000001110000001111100001111110000111111011111
1111111111111100111111110011111110000111110000010111010001010110000101011000110101100001010111111101
1111110111111110011111110001111110000011110100000111010000110111000011011100011101110101101111011110
1111111111111101111111110011111111000111111000011111100000011110000000111010000011101010001110101111
1111001111111000001111100000111110000011111000011111100000111110000011110001000011001101001100110111
1110000111111000011111100001111000000111110000011111000001111100000111110010011111101101111110110111
1111100111111111011111100001111000000111100000001111000000111111000001111100000111110000111111000011
1101110001110110000010001000001000100000110000000011001000001111110000111111000011111110001111111111
1101110001110110000010001000001000100000110000000011001000001111110000111111000011111110001111111111
1111001111111100111111110001111111000111111000011111100001111100000111110000111111100000011111000001
1110000111111000001111100000011110000001000000000111100000011110000001110000001111100000111110010011
1100011111100001101100000100111000010011100001101110000110111000111110100001111010000111111110011111
1111000011111000001110000000111110000011110000001111100000111110000111111000000111110000111111110011
1100111011100001111100000100111000010011100001001110000100111000001101100011110110000111110011011111
1111011111111100111111100001111110000111111000111111110011111110001111000000111100000000111000000011
1100000011110000001110000100110011110011100000001110000001111000000001110000001111000001111110101111
1111111101111101111111110001111110000101110000010111000001010110001101011000110101110011011111011101
1111111100111101111011110011111111000111111000010111000001011110000101011000110101100011010111001101
1111111100111110111011110011111111000111111000011111100000111100000110110000000011100000101110000110
1101100000110110000011001000001100101100110010000011001000001101100000110110000011001000011101110101
1100111111100001111100000100111000010011100001001110000100111000011101100011110110000111111111011111
1110001111111000001111100000111110000011111000011111100000111110000011110001000111001101001100111111
1101110111110110000110001000001000100000110010000011001000001111110000111111100011111110001111111111
1111100001110110000011001000001100100000110010000011011000001111100010111110000011001000001110101000
1111001111111100111111110011111111000111111100011111110001111101000111100000111110000000111110000011
1110000111111000001111100000111110000001110000000111100000111000000011111000001111100001111110000111
1110111001111011101111000100011100100001110000000011001000001100100001111101000111110100011111010001
1111111111111101111111110011111110000111111000011111100000011110000000111010000011101011001111111111
1111000111111000011111100000111000000011111000001111100000111110000011111000011111111011111111111111
1111111111111100111111100011111110000111110000111111100001110000000011000101011100110111111111111111
1110000011111000001111000000011100000001110000001111100000111110000011111000000111100000111111111111
1111111111111101111111110011111110000110110000011111000001111110000101111000010111100011010111101101
0111111100111100111011110011111111000111110100010111000001011110000101011000111101100110010111111111
1111101111111100111111110001111110000011111100011111110001111110000111111100111111111111110111111111
1111111111111110011111100001111110000111111100111111100001111110001111111111101111111110011111111111
1111111111111001111111000011111100000111111000011111000011111100001111110000111111000111111111001111
1111001111111000011111000001111111000111111000001111100000111110000011111100111111111110011111111111
1110001111110000011111000001111100000011110000011111000001111100000111100000011110000011111100011111
1100011111110001011111000100110000010011100001001110000000111000010011100001111111001111111110111111
1100110111110001011110000100111000010011100011001110000100011000010111000001111110011111111111111111
1111111111111110111111110011111110000111111000111111100001111110001111011010111111100111111111011111
1110001111111000011111000001111100000111110000111111000001111000000111100000001111001111111111111111
1111001111111100111111100001111110000111111000011111100001111110000011111000001111110101111111111111
1110001111111000011111100000111110000111110000111110000001111000000111100000111111000001111111110111
1111111111111100111111100011111110000111111100011111100001111110000111011100111111111111111111011111
1111111111111101111111110011111110000111111000111111100011111110001111011111111111111111110100011111
1111111111111100111111100011111110001111111000011111100001111110000111111000111111111111111111111111
1111100101111110000111001000001100100000110010000111001000001100100000111111000011111100001111110000
1111000111111000011111100001111110000111111000011111100001111100000011110000011111101011111111101111
1100000111110000001110011100111000000001100000000111000000011100000011100000001111000001111111100111
1111011111111100111111110001111110001111110000111111000011111110000111111111111111111111111111110001
1111101111111100111111110001111110000111111000001111100000001111000000111101011111110000101111100010
1111111111111101111111100111111110001111111000011111100001111110001111111001111111100111111100011111
1111001111111100111111100001111100000111110000111111000011111100001111111000111111111111111111111111
1111001111111100111111100001111100001111110000011111000001111100000111111110011111111011111111111111
1111000111111100011111100001111110000011111000001111100000011110000001111000001111100000111110010111
1110000111111000001111001100111100000001110000000111000000001110000001111000001111100000111111110011
0111111110111100111011110011101111000110111000011101000001110110000101011000010101100001011011111101
1111111110111110111111110011111111000111111000011111000001110100001111011101111101101011110000011111
1101111011110011101110001100011000110001100011000010001100011000110000111111000011111100001111110001
1111111111111110111111110011111110000111111000111111100001111110001111111010111111110111111111011111
1111011111111100111111100001111100000111110000111111000001111100000111111000111111111111111111111111
1111110011111010001111001000111100100011100011000110001000011101000001111110000111111110011111110111
1100111011100001101100000100111000110011100001001110000100110000110011000011111100000111111010011111
1101111001110011101110001100011000110001100011000010001100011000110000111011000011111100001111110001
1101110001110110000011011011001000100000100010000010001000001000100000101110000110111100011111111101
1000111111100001101100000100111000110011100011001110000100110000111111000011111100000111111010111111
0111111111011110011101110000110110000011011000000101100000010110000001010000000111000000011110000011
0111111111001111111101110001110000000011000000000100000001010000000001000000011100000001111111011111
1111111111011101101111110000111110000011111000000111100000011110000001111000000111110000011111001011
0011111111001110111100111011110011011011001001110100100111010000011101000011110001111110011110000011
0111011111011010111101100011110100001011000011100100011110010111110001011111001101111111111100000111
1111111111111111011111100001111000000011100100011111110000011111000001111000000111100000001110000010
0111111111011001011100010001110000000011011010001101110000010111000001011100000111100000011111001011
0111111111001110111101100011110100000011000000000100000100010100000011010000011101000001111100000111
0011111111001100011100110001110010000111001000001101100000110100000011000000001111000000111100000111
1111111111110001100011000111001000011000111111111111110111111111011110000001111000000100000000110001
1110011001110001100011100111001000011000101111111111110111111111011111100001111010000101001000110000
1110111111110001100111000111001000011000111111111111110111111110011110101101000010000100000000110000
1100111000111001110011000111001111010000111111111111110011111111011110111101000100000100001000000001
1111111111111111110111101111011100111000100001100010001110011000111001100011100110001110001000011001
1111110000111110000011111010001111100000111111110011110111001111011000111100000011110000001110000000
1111111111111111011111111110111111100011111100000011110000001111000011111100001011110000001111000000
1111111111111110111111111001101111000110111000010011000001001110000110111000010011000001001110000000
1111111110111100111011110001001110001001111000010011100001011110000001111100000111100000111100000011
1111101111111111011111110101111110000010111000000011110000101111000010111100001011110000001110000011
1111111111111111011111111100111111110001111110000011110000001111000000111100000011100000001110000000
1111111110111111001011111100101111000000111100000011110000001111000000111100000011110000001111000000
1111100000111110000011110110001111111000111100000011110000001111000000111100000111110000111111010011
1111101011111110000011111010001111000000111110111011101111001110111100111000000011100000011110000001
1111101101111111000011111100001111101000111101100011111110001111101000111111100011100000001110000011
1111111001111100000111110000011111000001110011100111001110011101111001110111100111110100011100000001
1111000000111110000011111000001111100000111011110011101111001110111000111111100011100110001110000000
1111100000111110000011110000001111111000111111000011110000001111000001111100000111110000111111000111
1111000000111100000011111110001111111001111011000111110000011111000001111100000111110001111111000111
1111000000111110000011111000001111000000111111110011101111011111111001111111100111100000011100000011
1111000001111110000111111110011111111001111000000111100000011110000001111000001111100001111111000111
1111000000111110000011111000001110000000111011110011101110001111111000111001110011100000011100000001
1111111111111110000011111000001111110000111101000011101111001111111000111000000011100000001110000000
1111000001111000000111111000011110000001111011110111011110011111111001110000000111000000011100000000
1111000000111110000011110000001111001000111011110011101111001111110000111111100011110000011100000001
1110000001111100100111111010011110000001110111111111001111111101111101111101100011100000001100000000
1111110100111111000011111110001111110000111111100011110110001111111000111111000011100000001110000000
0111111111000011111100011111110001111111000110111100011111110000011111000000011100000001111000000111
1111110000111100000011111010001111100000111100100011101111001110111100111100000011110000001110000001
1110000001111100000111110010011110000001111011110111001111111100111001110111100111101111011100000001
1111000001111110000111110000011110110001111111000011100000001110000001111000001111000000111111000111
1111111000111110000011111110001111110000111101100011111110001111111000111111100011100000001110000001
1111100000111110000011111110001111110000111111000011100000011111000001111000000111110000111111100111
1111100000111100000011111100001111111000111011110011101110001111111000111111110011110000001110000000
1111110000111111000011111111001111111000111100000011110000001111000000111100000111100000011111110011
1111000001111100000111111100011111000001111101110111001111011111111001111000000111100000011100000000
1111111111101100111100011001110000100011000110000100011000010001100000100111100110011111111111111111
1011110101000110100100011001010001100111000010011111001001111111100101111011000011111110011111111011
0000001111000000111100001111110000111111010011111101000011110101110111001111111100111111110011100111
0000001111000000111100000011111100011111111110011100111001110011110111001111011100010111110011000111
0000111111000001111100000111110000011111000000111100110011110110111111101100011111111111110000011111
0000001111000000111100000011110011100111001110011100001111110001111111101100111111110001111110011111
0000011111000001111100001111110001101111000111111100011111110001111111000011111110010111111001001011
0000001111000000111100011111110001110111001011111110001111111000101111100010001110010000011101010111
0000001111001100111100011011110001111011000011111100001111111001001111100100001111100101111110000111
0000001111001101111100011011110001110111000011111100001111110001011111100100011110100101111110000111
0000001111000000111100100011110110001111001110111100011111110001111111000111111110010001110001000011
1101111111000011111100000111110000001111000000011110000011111000011111100001111111000111111100011111
1111111111111000111110001111111000001111100000001111000000111100000111110000011111100001111110000111
1111111111011011111100001111110000001111000000111100000011110000001111100000111111100001111110000111
1101111111000011111100001111111000011111100000011110000001111000001111100000111111100011111110000111
1111111111101000111110000111111000001111100000001111000000111100000111111000011111100001111110000111
1111111111100000111100001111111000001111100000011110000000111000000111100000011111100001111100000111
0111111111000101111100001111110000001111100000011110000011111100000111110000011111000000111100110011
0111111111000111111100001111110000011111100000111110000001111000000001110100011111111111111111111111
0000011111000011111110000011111000000111100000111110000011111000001111111000111111100111111111111111
1111111111000011111100000111110000011111000000111100000011110000001111100001111111100011111110001111
0000000000000000000010110111111000001111100000111111110011111111011111111111111100000000000000000000
0000011111000001111110000011111000000111100000111110000011111000001111111000111111100011111110011111
0000011111000011111100000011110000001111000000111110000011111000011111100000111111000111111111111111
1111111111110001100011000111001000011000111111111111110111111111011110000001111000000100000000110001
1110011001110001100011100111001000011000101111111111110111111111011111100001111010000101001000110000
1110111111110001100111000111001000011000111111111111110111111110011110101101000010000100000000110000
1100111000111001110011000111001111010000111111111111110011111111011110111101000100000100001000000001
1111111111111111110111101111011100111000100001100010001110011000111001100011100110001110001000011001
1110011111111101111111101111111100101111110000111111000001111110010111111001011111100001111111111111
1111001111111100111111111111111110110111111011011111100001111010000111001000011100000001111110001111
1111111111111100111111100001111111000111111000111111100011111110000111111000011111000011111111111111
1111111111111100111111100011111100000111111000111111100011111110000111110000011111000001111100100111
1111111111111110011111110001111110000011111000001111100001111110000111111000011111100001111100000111
1111001111111100111111111111111110110111111001011110000001111000000111100000011110000001111110111111
1101111001110111100111011111111111111111011110011101110001100111000110001000000100001000010000100001
1111111111111111101111011110011000010001100011000110001100011000110001100011000110001100011010110101
1111101111111100111111100011111110000111110000001111000000111110000011111000011111100001111100000111
1111111111111101111111100001111100000111110000001111100001111110000111111000011111100001111110010111
1111101111111110011111110011111110010111110001001111000100111110010111111001011111100001111110000111
1111011111111101111111110011111100000111110000011111000001111110000111111000011111100001111110000111
1111011111111100111111100001111100000111111000011111100001111110000111111000011111100001111111111111
1111111111111101111111110001111110000011111000000111000000011110000011111100011111110000111111000011
1111101111111111111111110011111100000111110000001111000000111100000111111000011111000001111100000111
1111101111111110111111100001111110000011111000011111100001111110000111111000011111100101111111111111
1111111111111101111111110011111100100111110010001111000000111100000111110100011111000001111110000111
1111111111111100111111110011111110000011111000001111100000111110000011111000011111100001111110000111
1111001111111100111111100001111110000111111000011111100001111100000111111100111101010011111111111111
1101111111111111101111001110111000110001000001000100000100001000010000100001000110001100011000110101
1111111111111111011111011100011000010000000001000000000000001000110000100011000110001100011010111101
1111111111111111111111011110111010010001001001000000000100000000110001010011000110001100011000110001
1111101111111110111111110001111110000111111001011111110001111110000111111000011110100101111111111111
1111111111111110011111110001111110010011110000001111000000111100000011111000011111100001111110000111
1111011111111100111111100001111100000111111000011111100011111110001111111000111110000011111111111111
1111111111111001111111100111111100100111100000011110001001111100100111110010011111000001111110000111
1111111111111100111111110011111100000111110000001111000000111100000111111000011111100001111110000111
1111111111111100111111111011111110010011111000000111100000011100000001110000001111100001111110000111
1111111111111100111111110001111110010011110001001111000100111100010011111011011111100001111110010111
1111111111111100111111110011111110000111110000001111000000111110000011111100001111110000111111000011
1111011111111100111111100001111110000011111010011111100011111110001111111000111111110011111111111111
1111111111111110011111111001111110000011110000001111000000011100000001111000001111100000111110000011
1111011111111101111111100011111100000111110000001111000001111100000111110000011111000001111100000111
1111111111111111101111001110111000110001000001000100000000000000010000100011000010001100011000110001
1111111011110111101110011100111010110001000011000000000100011000110001100011000110001100011000110001
1111111011111111101111111110111010110001100011000110000000001000010000000011000110011100011001110001
1111110011100011100110001100011000110011100011001100101100010010110001001011000111111111111111111111
1110111011000011001110001100110010110001001001000100100100010010100100001110011011111111111111111111
1110111011000011001110001100110010110001001001000100100100010010100100001110011011111111111111111111
1111111111110011001110000100011000010001101011000110100100010010010000001111010111111111111111111111
1111111111110111101110001100011000110001100111000110001100011000110011101011001110101100111111111111
1101111011110111101110011100011000110001100011000110001000011001110001100110000100011100011111111111
1111111111110111101110101100011010110001101011000110001100111000110011100010001110111000111111111111
1101111011110111101110011110011000110001100011000110001100011000110001100011000100001000011111111111
1111111111110111110100011100010000110001000011000110000100001000001000100000100011111111111111111111
1111111111111111111100001110110000111001000011100110000110011000000000100000000011111111111111111111
1111111111110111101100011100010001110001000011000100000100011000010000100001000111011111111111111111
1111001111111100011111110001111111000111110000011111000001111110000111111100011111100100111111010011
1110011111111001111111000111111110001111110000111111000011111110001111111000111111100011111110101111
1111001111111100011111110001111111000111110000011111000000111111000111111000011111100101111111110111
1101111011100011001110001100111000110011100011000100001100011000110001100011000110101100011110111101
1101111011110011001111001100111100110001100011000100001100011000110001100011100110001110011111111101
1111001111111000111111100011111110001111110000011111000001111110000111111000011111100001111111000111
1101111011100011001110000100111000110011100011001110001100011000110001101011000110101111011111111111
1001111001100111100110011110011001110001100111000110011100011001110001100111000111011101011111111111
1101111011110111101110001110011000111001000000000000000000000000100001100010000110111101111111111111
1101111011110111101111001110011000111000000000000000000000000000100001000010000110011100111111111111
1101111011110111101110001100011000110001000000000000001000011000111001101111001111111111111111111111
1111111011100111101110001110011000110001000000000000000000001001111001110111101111111101111111111111
1111111111100111111110011100011000110001100011000100000000001001000000100110000011111100011111110101
1111111011100111111110011100011001110001000001000100000000000001000000000110000000011000011000110100
1111111111111111101110111000111011000011001100011111100001111100001111100000100100000110111100011111
1111111111111111101110111000111011000011001100011111100001111100001111100000100100000110111100011111
1101111011100111001110011000111001100011001100011100000011111110001111110000000110000000111100010011
1111111111101111101110110001111011000011111000011111000011111000001111000001111100000100110000110111
1111111111111100111111110011101111000111000000011100000001110000000111111000111101000011111111111110
1111111111011111111101110011110110000111000000011100000001110000001111011001111101100111110111011111
1111111111111100111111110011101110000111000000011100000001110000000111111000111111100111111111111111
1111111111111111111111110011111110000111100000011100000001110100001111011001111101110111111111011111
1111111111110111101110001110011000110001000010000100001000011001110001110111111111011101111111111111
1101111011110111101110001110010000110001000010000100001000011001110001100111001111011100111111111111
1111111111111000111111100011111100001111100000011100000001110000000111110000011111000001111100001111
1111111111110011110111001110011000111001000010000100001100011000111001100011100110001110011010111011
1111111111111011101111001110011100110001000010000110001100011000110011100011101110001100111010111011
1111111111111110111111110001101111000111000000011100000001110010001111011100111101100011110111011111
1111111111111111111111110011111110000111000000011100000001110010000111011000011101001001111111111111
1111111111111111111111110011111110000111000000011100000001110000000111011000111101000011110100001111
1111111111111110111111110011101111000111000000011100000001110010001111011100111101110011111111111111
1111111111111111111111110011111110000111100000011110000001110100000111111000111101000011111111111111
1111111111111110111111110011111110000111111000011100000001110000000111010000011111100001111110000111
0111111111011111111101111111110111111111011111111100000000010000000001100000011110000000011001110101
0000001111000000111111111111111101101111111110011111110011110000001111000000111101000000001110000000
0000000000111100111111100111111100111111111111111111111111111111101011111000001111000000110000000000
0000000000100000111111000011111000001111100000111110000011111000001111100000111110000011110000001111
0000000000000000000000111111101000001001000111111110010011010101101011111110111111111011110010000011
0000000000000111000010111100001111001111110000011111000011111000000011100010000000000000000000000100
0000000000000000000011001100011101101001111111110100111111010111111101001111110000011110000000000000
0111111111011001011100010001110000000011011010001101110000010111000001011100000111100000011111001011
0011111111001100011100110001110010000111001000001101100000110100000011000000001111000000111100000111
1111111111011101101111110000111110000011111000000111100000011110000001111000000111110000011111001011
0111111111011110011101110000110110000011011000000101100000010110000001010000000111000000011110000011
1111111111110111101111011110111001110001100011000100001100000000010000100001000011000110001101011001
1111111111110110101111011110111101111111101011010100001000000100000000100001000011000110001100011001
1101110111110110000110001000001000100000110010000011001000001111110000111111100011111110001111111111
1110111001111011101111000100011100100001110000000011001000001100100001111101000111110100011111010001
1100111011100001111100000100111000010011100001001110000100111000001101100011110110000111110011011111
1111110011111010001111001000111100100011100011000110001000011101000001111110000111111110011111110111
1101111011110011101110001100011000110001100011000010001100011000110000111111000011111100001111110001
1100011111110001011111000100110000010011100001001110000000111000010011100001111111001111111110111111
1111111111110111101110001100011000110001100011000110001100111000111011100011100110101110011010110101
1001100001100111100110011000111001101111100111111110011111110111111011011111000000001000000010100000
0010001000000000000000000000000000010000000111111111111111011001111111111111111110000000111000000111
