0000001111000000111100000011110000001111000000111100000011110000001111000000111100000111110000001111
1111111111111100111111110001111110001111111000011111100000111110000010110000011011000000111111100111
1111111111111111111111111001111110110011111100000111000000011100000001000000000110000000000000000001
1111111110111010001111001000111111100011111111111011111111001111100100000111010000011000000000000000
1101111110110111011011011001101001000110110110001011011000101101110100111010010011101001001110110001
1100000000111110100011110011111111000111110000011100010101110000001100011000110001100111001110011000
0111111111011100111111110011111110001111111000011111000001110110000111010000011101000011110110101110
1111111000111010000011111000001111110000111111100011110110001110011000111001000011100100001111010100
1111111111111111111111110111111111011111111111001111011111111000111111100000011100000000000000000000
1111111111111100111111100011111110001111111000111111101110001100111111100011111110001100010000000000
1111111111111111111111110111111111011111111101101111001111111100110111100000011100000000000000000000
1111111111111111111111110111111110001001111001111111010111111011110111001100100000100000000000000000
1100001111111011111111011111111101110111100111010110011101011001110111000111011100000100110000000000
1111111111111101111111110111111110011111111110011110011111111001101111000000000000000000000000000000
1111000111110000011111000001111000000011110000001111001000111100000011100000001111100000001110001000
0011111111010111111100011111110000111111000001111100011111110000111111000001111100000111110000011111
1111111111111111111111100011111110000111110000001110000001111100000000110000000011000000001111011100
1111111111111101111111110011111111001111111100011111100000001110000000111000000011100000001110000000
1111111111111110111111111011111111000111111000001111110000011111100001111100000000000000000000000000
1111111111111111111111110011111111001111111000111111100000111110000011111000000000000000000000000000
1110111111110000111110000001111000000111100000011110000001110000000111000000011100000001110000110111
1111111111111101111111110011111110001111111000011100100001110011001111000100111100000000000000000000
1111111111111111111111110011111110000111110000001110000000110010001111000000011100000001110000000111
0011111111010111111100011111111000111111100011111100001111110000111111000011111100000111110000011111
1111111111111111111111110011111110001111111000111100000011110000001111000000011100000000110000000000
1111111111111100111111110011111000001111000000111111000001111110000111110000011111000001111100001111
1111111111111101111111110011111111101111111111111111111011101111111100111111000000000000000000000000
1111111100111100110011100011101110001100111110000011111000001111100000111110000011110010001111000100
1111111110111101111111110000111100000111110000011011111001001111001000111100000011100110001110011000
1100000100111000111011111101111011100011111110011111110000001111110000111111000011101100001100010000
1111111110111100011011100001101111000110111110010011110011001111100100111110010011110001001111000000
1111111111111111111111110011111111001111111010011111111101111111111011111111000000000000000000000000
1111111111111111111111111001111110000111111000001111100001111111011101111111110000000010000000000100
1111111111111110111111110011111111100111111110011111111111101111111100111111000000000000000000000000
1111111111111111111111111111111110001111111000011100000011110000000001000000000000000000000000000000
1111111111111111111111100001111110001111111000111111000011110100010111000001011100000000000000000000
1111111111111111111111110111111100001111100000111111100001110110000111000000011100000000110000000000
1110101111111000011111000000111000000001100000100110000010111000001111100000011110000001110000100111
1111111111111111111111110011111110000111111000001111000000111100000111100000011100010001110100000111
1111111111111111111111110111111110011111101001111111000011110100001111000000111100000000000000000000
0111111111010111111110011111111000111111100011111100001111110000111111000011111100000111110000011111
1111111111111111111111110011111110000111111000111100100001110010000111001001111100000000000000000000
1111111111111111111111110111111110001111011000111111100011110000001111000000011100000000010000000000
1111111111111101111111100011111110000111100000001111000000111110000000111000000011100000001111111000
1111111111111101111111100011111100001111100000001110000000111110001000111000100011100010001111111100
1111111111111100111111110001111111000111110000011111100001111100000001111000000111110000001111000000
1111111111111101111111110111111111001111111100011111100000011111110001111100000000000000000000000000
1111111111111100111111110001111100000111100000011111100001111100000100110000010011100111001110011000
1111111111111111111111100111111100001111111000111111100000111111100001111010000000000000000000000000
1111111111111101111111110111111100001111111100011111110000111111100001111100000000000000000000000000
1111111111111100111111101011111111001111111000011111100001111110000001111000000111110000001111000000
1111111110111111111011110011111111000111111100011111110001111111100111111000000111000000001110000000
1111111111111101111111110111111111001111111101111111100011111111100011111010000010000000000000000000
1111111111111111111111110011111111001111111110111111110111111111110000111000000000000000000000000000
1111111110111111111011110011111110001111110000111011110011101110000000111000000011101000001100000000
1111111110111011111111000111111000001111111000011111100011111110001011111000000111101100001110100000
1111111111111111111111111011111111001111111100111111100011111110100001111010001111000000000000000000
1111111111111100111111110011111111000111111100011111111001111111000011111010000111001000001100000000
1110011111110101111111000111111100011111100001111110000111111000011111100001111100000111110000011111
1111111111111111111111110111111110001111111100111111110111111111001100111000110000000000000000000000
1111111111111111111111110011111111011111111111111100111111110010001111000000011100000001110000000000
1111111111111111111111110011111111001111111101111100111111110011001111000001011100000000000000000000
1111111111111111111111111101111111100111100011101110001101110000010111000011100000011110000000000000
1111111111111111111111100011110110001111010010011100001111110000111111000111111100000011110000000111
1111111111111101111111100011111100111111000011111100000111110000011111000110111100000011110000000111
1111111111111111111111111111110000000011001000111100101001110000110001000000000100000000000000000000
1111111111111111111111110011111111001111111101111100110111110011001111001001011100000000000000000000
1111111111111111111111110111111111011111111111111111011101110001001111000000000000010000000000000000
1110000111110000111111000011111100001111011000111100101011110000111111000001111100001101110000110111
1111111111111101111111100011111110001111111000111100000001110100000111000000111100000011110000000111
1111111111111111111110000111111110010111111011011100101100110000110011000011011100000111000000011100
1100011111100111101110000110010000011101100001111100000011111000011111000000111100000011110000000111
1111111111111101111111100011111110001111111000111100000001110000000111000000111100000001110000000111
1111111111111111111111110111111110011111011001111111100111111000001111000000011100000000000000000000
0001111111000111111100011111111000111111000011111100000111110000011111000001111100000111110000011111
1111111111111001111111100111111110001111111000001100000010010000000111000000111100000001110000000111
1111111111111111111111100111111110011111111101111111100111111000001111000000111100000000000000000000
1111111111111111111111110011111111000111111100011111110001111001111101000011111000000000100000000001
1111111111111101111111100011111110000011111000000111100000011110000000110100110011110001001111000000
1111111111111111111111100011111110001111111100111111110001111111010111111111000000000000000000000000
1111111111111111111111111111111111011111111000111111101011110000100000000010010000000000000000000000
1111111111111110111111111001111111000111111100011011111001101110100100111011010011100000000010000000
0000000110000011010100011000111111110111111111001111111000111000100001110010000010011100001001111000
1000000011101111001011011100001111110011111111001111101100011100110000110001000011001110011100110001
1111111111111100011111110001111110000111111000001111100000111110000010111110000011110000001110000100
1111111111111111111111110011111111000111111110111111111111111111111110111110000000000000000000000000
0010000000001001000010111101101111110111100111111101111111000110111111001000001100010000000001000000
1111000000110011000011111111101111111000111111000011010100000001010000000100100000010010001111001100
1101000000110100000011001100001101111001000011010110001100001111110000111101100011110111111111111111
1111100000111110000011111000001111100000111110010011111000001111100000111110000011111000001111100000
0000001100000000111000001101100001111111100111111101111111110010111110001011111000001111100000000000
1111100000111110000011111000011111100000111110000011111000001111100000111110000011111000001111100000
1100011111110001111111111110111101111011111011100101000100010000000000000001100000001100101000000000
1101111111110111111111010011111100111111110001111111000111111000000110100000000000000000000000000000
0010000000001001000010111101101111110111100111111101111111000110111111001000001100010000000001000000
1111000000110011000011111111101111111000111111000011010100000001010000000100100000010010001111001100
1101000000110100000011001100001101111001000011010110001100001111110000111101100011110111111111111111
1111101111111100011111110001111111010011111011101111110000111100000011000000000100000000000001100111
0000000011000000011100000001110000000111000000111100001011111000111111110011111111111111110111111111
1100111111110001111111000111111100001111110001111111000000110000000011000000001001100000001100000000
1111101111111100111111110001111101001111011000111111100011110110000000000000000011000001100100010111
0000000111110000000111000000011100001111111001111111100111111110000001110000000111000000011100000001
1111001111111100011111100001111111000011111000000111000000011001000000001100000000000111100010011110
1110000111111111111101111111110101111000100110000011111000001111100000111111000010011000000111100000
1000111111100000111110000001111000100111100110011110011011111101001111100100111110100101001010010100
0001001101000100110100110011011100001111111101110110010011110111001111111100011111100101000111011100
0001111111011111111001000111000000011000001111100001111100110111000011111000000010000100000001111011
1111011011111110101111100010111110000001110000000111000010011100001001110000110111000011011100000101
1111100001000000001100000011111110011111110100111110000011111000000111000100001100011000110001110011
1110000111100000000101100000011100001000110101110111000110011000001111000000111100000011110110001111
0001111111100000111111111011111111111111111111111111111001111110001100111100010001100011000110000100
1011111111101111111110111000110000111111000011110011111110000100110000010001000001001110001100000000
1111111111111001111111111111111111111111111101011110010000110001000000010000000001000000001100000000
1100110001111110001111110000110100000111001111111100111111110011111000011111110011101111000011011100
1111110011111111000111111100011111110000111111000111111100001111100000111110000011111000001111110000
1111000000111100000011000110000000001001010000100000110010011000111000000011100011001111111110001011
1111111000111100100011110010001111101000111010000011101000001010010000101111100110111010001110001000
1111000000111100000011100100011110010000111001100011100110000010001000011000100011110111111000011111
1111111100111111110011110111001110001000111011000010001100001000000000110001100011000010001111001000
1111100001111000000111100000011010000011101000001110000000001100100111001110001011011001111111111111
1000011111100001111110000111110000011111000001111100000111110000011111000001111100000111110000111111
1110000001111000000111100000101000100011100011101000001100000010000111100100011011110101111111111111
1110000000111101110011111110001010011000100001001000011100100000110000100011110011000101111100001001
1111100000111110000011110000001111000000011011100100001110001001011001110111000000110111110010001111
1110000000111000000111000100000000000001001001110000000111100000011110111011111110011111111011001111
1111000011111000000111100000111100100000100111001000001100000000110110100100011011110001101111111111
1111100000111100000011110000011110110001010101000100010100000010010010101000001111111000111111111011
0000011111000001111100000111110000011111000001111100000111110000011111000001111100000111110000011111
1111111000111111100011111110001111111000111100110001010000001110000000110100000011010000000111001000
1100010111110000011110000111011010011111100000011110000011100001100000010000111100010011110011111111
1111111000111111100011111110001111001000111000000010000000001101100000111100001011000000000101101000
0111110000111111000011111100001111000000101000000011111000001101010000100100011111111100011111110001
0111110000111111000011110000001110000000011100000011010000001101000000000100011111111100011111110001
1000011111100001111110000111110000011111000001111100000111110000011111000001111100000111110100011111
0011001000001100000000110000000001100000100000100010000010001111110000111111000011111100001111110000
1100000110111010001001111110010101100000000100000011010011111110000011111000001111100000111111000011
1111111111111101111111110001111111000111111100010111100001001100000000111000011100000000000000000000
0000000000111000000111111111011111011111000000011100000000001111000000111100111010000011111110011110
1111111111111100011111110001110010000000000000000011000000001111000000111100111100000011111111011111
1001111111000111111100001111111000111111000011111100000111110000011111000001111100000111110000011111
0000000000000011111000011111100011110110001111111000111011101110111111111111111111111100111110010011
1011110000111100011100001001110000000011000111010000010001000011001111111110111111100001111110110111
1100000001000110011100001001110000100011000010000111111001111111001111111100011111111001111110000111
1110001011010001001100000100110000000001001001111001111001000111010111111111010111111000111111011011
1111111111001101111100000000010000100000000000000011111011111111011111111101111111100000001111110111
1111100000101100011100000101110000000011000011010011011100101111101011111110101111110000111110011011
1110010001001010000100000000010000100000000010000011111000011111111111111110111111111100001111000011
0000011111000001111100000111110000011111000001111100000111110000111111000011111100000111110000011111
0000000000000111000001111111001111110000011111000000100000100100110101101110110111111010011110111011
0001111100000111100000011110000001111100000111111000111111001111111101111011110111100110111110011111
1111111011010010101100000000110000100001000110000011111011111111111111111011111111100100001111110111
1111101010111100101100010010110001100011000010000000001100001111101111111110111111100011111110001111
1100110011110110001100001000110000000001000011000000011000001011111011111110011111111011111111001111
1000000111000000011100001001110000100011000010000000001000001111001111111011111111011010001111111111
1000000000100000001100000101110000000011000011000000101110001111100011111110011111111000111111011011
0010000001000000000100001000010000100000000010000011111011111111011111111101111111110000001111110011
0000011111000001111100000111110000011111000001111100000111110001111111000001111100000111110000011111
1111011111011101111100010000110001110000000011000000011100001111111111111100111111111001111110110111
0000000000000011111000111111110111110011011110000101111100000111110000011111000101111110110111111100
0000000000000000000000010110000001000100000101111000011111001111111111111111111111111111111111111110
0100000000000010001100001000110000000011000111100000011000001111100111111111111111111111111101101111
1001100001000000000100000000010000100000000010000011111011011111011111111111111111111111001111111111
0000011111000001111100000111110000011111001001111100000111110000011111000001111100100111110000011111
1111110110111111011000100000100000000000000000000010000000001011100000111110000011111000001111100000
0011111000001111100000110100000001000100000000010001010001101111100111111100011111100001111111111110
0001111000001101100000010110000001000000000100000011100111111111111111111111110011111111111111111111
0001001000000111100000010010000000000000000000000011110011111111011111111111110011111001111111111111
0000111100000011110000000011000000000100000001000000100011111111011111111111111111111111111111111111
0001101000000111100000010010000000000000000000000011100111101111111111111111110011111110111111111111
0000011111000001111100000111110000011111000001111100000111110000011111000001111100000111110000011111
0000000000001111000000110100000011000000000011100000011011001111101111111111111111111111101111111000
0000000000011110000011110000000001000000000110000100110011111011001111111100111111111110011111111011
0000010000011111000001111000000001100000000011010000011001011111100111111110111111111111101111111001
0000000000000101100000001010000000011000000110110000011111001111101111111110111111100011111111111110
0000000000001111000000110000000000001000000000000011111011111111111111111111100011111111111111111111
0000000000000101100000111010000001100000000010000000001111101111111111111111110011111110111111111111
0000000000000101100000011010000001101000000010000000101011101111111111111111100111111110111111111111
0000000000011111000001111100000011110000010100000000110001011011111111111110011111100001111111111100
0000011111000001111100000111110000011111000001111100000111110000011111000001111100000111110000011111
1111100000111110100011100100001110100000001111000010011100000011110000100111101110011100001111110000
1111000000111101000011111000001111100000010110000000011000000011100000100111011111011000001111110001
1110000011111000001011000000111100011010100001100010001100001000111110101111111010101011111111111111
0111100000111110100011110000001111110000001011000010011000001011110000100111001111011100001111111000
0000011111000001111100000111110000011111000001111100000111110110011111011001111100000111110000011111
1110011100111001110011000111001100101101100010110001011011000001000110100100010000110111111111111111
1111010000111100000011111100001111110000010011000000011100001011111000100111100110010100001111110000
1110000000111001000011100100011111100000111111000110001100001001110000000111100010000111110100011111
1111000000111100000011110000001110011111111011111100101100000100111000000101111100111000010011110000
1111000000111100000011100000001111100000110111100000011110000001110000100011000011011110010111111011
1100000001110001110010000110111000001000100001111000001111000001111110011111111111110011111110000111
1111100000111111000011110100001110100000010110000000011100001010110000100111111111111100011111110000
0000011111000011111100001111110000011111000001111100000111110000011111000001111100000111110001011111
1111010000111101000011110000001111110000010101000001001100001000110000110011011111111100011111110001
0111100001011110000011111000001111110000111001000000001100001010110000100011011111101100011111110001
0000001100000000111001001110000000011000001111110001111110010001111100000111111000001111100000011111
1110000011111000001111100000001100100000100011001010001100001101110110001111011010011111111011011111
1110000000111000000011100010011110000000111011011111001101001000110000000111100000011110110001111111
1110000000111100100011100010001111010000111011100010000111000000011000100011100010011110001101111111
1111000011111000001111100000101100100010100010011010001000000000111110100011110011001111111111111111
0000011111000001111100000111110000011111000001111100100111110010011111000001111100000111110000011111
0100000000010001000011000100001111111000111111100011111110001111111000111111110010111111100001100010
1100010000110000000011001000001110011000111111100011111100001101110001111111000001111100000011111100
1111111010111100000001001000000100100000010111000011111100001111111000111111110010110110001001111000
1111111100010010000001001000000101110001110011000111111000011111100001110111100111110111111111111111
1000000001100000000110001000011001110011110011101111001100111000110001100111111111100111111110111101
0010100000001111110000111100110001110111100001111100110011100011100100000111010000011101000001110100
0001000011000100000100111100000011111011000111110000011111100001111110000111111000011111000000011100
0000011111000001111100000111110110011111001001111100100111110000011111000001111100000111110000011111
0000101000000111010000111111100000111111100111111010110101100011111000001111100011111110000001111100
0000000111000000011100001001100001111110111111011100000111111100001111111000111111111001111111101111
1110000000011000000001101100000110000000011111110011111111001111111000111111100000111111000001011111
0000000011000000001100000100110001110011101111100100010100110000111111111101111111100100111111111111
0010000000001000000010111000001011110000111111000011111100001001111000100001111111110110111111101111
1100000000110010000011001100001100111000110011000011001100001111010001110011110011111011111111101111
0100000000010010000001001000000101110000111111000011111110001111001000110111100011111111101111111111
1100000000010000000001001000001101110001110110000111011000011100100001110111100111111111111111111111
0000011111000001111100000111110000011111000001111100000111110000011111000001111100000111110000011111
1111111111111001111111111111111111111111111101011110010000110001000000010000000001000000001100000000
1101000000110000000011001100001111111101000011010110001100001111111000111100100011110111111111111111
0000100000000010000010000000000011110000001111100100111111110100010111111111111111111111111111111111
0000000000000011000011111100000011111000000111100000011100000001111111001111101101111111011111111111
0011111000000000000000110000000011110000001111100000111111010011111101001111111100111111110011100111
0000110000000000000000011100000001111000000111010000010011010011111111011111111101111111101111111111
0001100000010111100011011110001101110001110100001000111111100011110111111111010000111101100011111110
0000000000000011000000011100000111011000000111100000011110000001111111100111100111111110001111111001
0000110000000011000000010000000001001000001111110000111111100001111111001111111111111111111111111111
0000100000000110000000010000000011111000000011000000111111111111110011111011111111111111111111111111
0000011111000001111100000111110000011111000001111100100111110000011111000011111100001111110000111111
0000111010000111000000111110000111111000010111110001011111001100111111110111111101011111110101111111
0000000000000001110000011011000011110011000110000100011111110011111111001111111101111111110011111111
0000001001000000100010000000000001101000000010100000001101111111111111111111111111111111111111111111
1101111001010000000111000001110000100001000111000100011100010011001011111110100111110111011111001110
0000000110000000111000000011100001100110000010110000001010111111110001111111011111111111111111111111
0000000010000000001000001000000000100100000110110000011111111111111111111100111111111001111111011111
0000000000000000000000001000000001110000000111000000011011111111111111111111111111111111111111111111
0000011111000001111100000111110000011111000001111100000111110000011111000001111110000111111011111111
0000000000000001000000000100000000111000000111100000011111110001111111111111111111111011111111111111
0000000000000001000000001100000000110000000011000000011111110001111111111111111111111111111111111111
0000000000000000000000001100000001100000001111100001111110110111111111000111111111111111111111111111
0000000000000000000000000000000010111000001111110000011110010011111111101111100111111111111111111111
0000000000000011000000001000000000111000000111000000011100111111111011111111000011111111111111111111
0000010000000011000000001000000000110100000011100000011100001111111111111111111111111111111111111111
0000000000000001000000001000010000100000000011100000011111111111111111111111111111111111111111111111
1111111000110011100010001111101100111110011111010000111111000011111000001111000000111100000011100000
0000011111000001111100000111110010011111000001111100000111110100011111000001111110001111110000111111
1011001111111110011010100001101010000110101011011011000101101000010110000110011000011001100000010000
1111101111111110011001110011101101110110110110011011011001100000110110000111011100011100000000001000
1110100111101010011111100001110100000111110001011101001101110101101111011110011101111001110011100111
0011100100011110011101110011100011000101001100010000100111000011011111000100111100111111000001111100
1011110110100110010010001001011000010111100011011111101100001100010000111001000011111111111111111111
1111111111111101101011110010011001001001100111100110011110010001111101000110000000001000001110000011
1111011111111110110011110011011100001101111011110011001011000001111100000111000100010100001000001000
0000111111000011111100001111110000111111000011111100001111110000111111000001111100000111110000011111
1001011101111100110111000011111000011111100000001110000110011000001110110000111111110110001011001000
0111111011001101101101100111110110011111001001001100100100111000010001100000000000000000001100010111
0111111011001000101111100011110000110011000000001100110110110010000111001001111110000110011000111000
1111111110011000111011100011101110001111110000111101000011000110001100011000111001000000010000000000
1111111111111100111011100011101110001111111000011111100000000001000000000000000000000000001000001010
1111111111011001111111100111110110001111011000011101100000110000010001000000000000000000001000000100
1000110010101011111010111101101000000111100001001110000000111000001001000011001111001001111111100100
1111011111100001111110000111111000011111000001111100000111110000011111000001111100000111110000011111
0111110011001001001111100000110010001110011000011010111100111010001110001101111000011010100001001100
1100000001110000110011001101101100011100110111110001111111100110111111110011110111011111001100101100
0101111111011111111111110011110011001111000111111000001100100001110000000111000000010110000000000000
1111111111111111111111110011110011101111000111111100001100000000110000000011000000001000000001000000
0011011111011111111101110111110100111111000011111110011000100001110000000101000000010100000000001000
1111111110101111111010100111111010110110001011111000011110100001110000000101000000010100000000000000
1111111110111111110001100001001110000110011110010001101101001011010110001111110000011011000001000000
0111110011001001001111100000110010001110011000011010111100111010001110001101111000011010100001001100
0000011111000001111100000111110000011111000001111100000111110000011111000001111100000111110000011111
0001111111000111111100010111110001111111000111111100011111110001111110000001111000000000110000000011
0000111111000011111100000111110000111111000111111100011111110000111110000011111010000000110000000001
0000111111000011111100000011110001111111000111111100011111110000111110000011111000000001110000000001
1111111111111100101011010010111101011111111111101111011110010000000000000000000000000000000000000000
0110010011011111001100100001111110000111011000001100111100110011110111001111111000010010100000000000
0111110011001111101100001100010000010011000010001001011111111111110101111111110000110001100000000110
1111111111100001100110000011111011001111100001100110011100001001110000001111100000011110000000000000
0011111111001001101100101111100110001110001001101000101110100011111010011111111001111101100000100011
0010111111000001111100000111110001011111000001111100001111110000011111000001111100000111110000011111
1111111110011110011001110001110111000001001110010100111001110011111111101110000100111111000000011110
1111111111011011111111110001111111000111110110111101010011100110000010000000000000000000000000000000
1101111111110100111111110011111001111111110111111010011111000000000000000000000000000000000000000000
0011111111001110111101110011100110000110011001111001100111100111110110011010111001100011100110001110
0111111111001001111100110010110001101111001111001111011000100000100000000010000000001000000000010000
0111011111000011111100000111110000011111000001111100000111110000011111000001111100000111110000011111
1110000111100011110111011110011011111000001111110000111111000001110000000011100000000110000111011000
0111111111011011111110100110011011111001000111100100011110010001111000000101000000000010000000000000
1111111011011000111101100011111100000110010011011101011100010011111000111111000001111110000011111000
1111111111101101111110110000111011010011001111011110111101111001110000000101000000000100000000000000
1111110111101101011010100000111010001010110011111010001100101111110000000111000000010110000001011000
0011111111001001010100100111011111111101101111010100011110011011101000000010000000001000000000010000
0100111011010000101011000011101100011110010001101001001110101111111100111111110011100111110000000001
0110111111000001111100000111110010011111000001111100000111110000011111000001111100000111110000011111
1111111111101010111110111010011011101001101100100110110010011010000000000000000100000000000000000000
1111111111110101111111110011001101001100110110110001010001000100000000000000000000000000000001000000
0011111111001111110100100100010000000011000000000011000001111110000111111000110000101000000001110000
1111111100011001110000100011110010010111001001010100110001110001001111110011000011011110000000011000
1111111111101111011111110011011111001101100100010110100011011000000000000000000000000000000000000000
0101111111010110011101010011001110001100111000110001100011001110001100111000000011000000000000000000
1111111111010110111101010110010101001001110100110101000000011100000001000000000000001000000000110011
0110011111000011111100000111110000011111000001111100000111110000011111000001111100000111110000011111
0111111001011110100001111000010111100011011100000101110000010011011000011111000011110000001101111110
0000101100000011110000000110000010011000111001110011100001001111000111111111111111111110001111100100
1001111110100111111000111001101011000110110000111010100011100000001110001001111000001111110001000011
0011110110011101010001110001000111000000001001000000000000000000011111100100111101111111111111111111
0001110011011101001001110100100011010000001001000000000100000000111111100010111111111011111111111111
0111100110111100000001110000000110000000001100000000010000000001001111001101111111110111111111111111
0000111111000011111100001111110000111111000011111100000111110000111111000011111100001111111110111111
0000000000011111100111001111001000111111000111111100000001110011111111001111111100111111110000100011
0000111110000000111100010011110001100111000110111100011111110001111111000111111100011111110000101111
0000011111000100011100110011110001111111000111111100111111110000011111000001111100011101000000011111
0000011111000001001100000011110000001111000110111100011101110001111111000011111100001111110000000111
0000101111000100011100110011110011111111000011111100101111110000001111000000111100000001110001011111
0000011111001000011100110011110011111111000111111100111111110000001111000000111100000000000000011001
0000111011000001101100000110111000111111000111111100011100001010011111001110111100011011110001111111
0000011111000001111101000111110010111111000001111100100111110000011111000001111100000111110000011111
0011110000011111000001110000000011110000000110000000011111100000111111111111111111111111111110011111
0001110000011111000001110100000010110000000111000000011100000000111111110111111111111111110111111111
1001111100001110110000110011000011110100000111010000001111000001111100000111111100011110111100011111
0111110010111101001011110000001110010000111110000001110000000011100000001110111100011111110001110111
0011110010111111001011110000001111000000011111100001111100000011110000000111111100011111110001110111
1000111110100101111010010011101000001010001111101000011110100001101010000111011110111111111110000111
0011111100001111010000110001100001000100000001110000001111111000101111100111001110111011111111111111
0011110100000111010000001000000000001000000001111110000110111001101111111111111101111111110100111111
0000001111000000111100000011110100001111000000111100000011110000111111001001111100111111110000011111
0000011111000100111100110011110011111111000111111100011111110001001111000000111100000111000000011011
0000010011011000000100000000110111111111111111101100011100001111000000010101111100001011110000100011
0000101111000100111100010011110001111111000011111100111111110000011111000000111100010000100000011100
0000101111000000111100000011110000111111000011111100010111110001101111001111111100011111110000000111
0000011111000000010100010011110001011111000011111100011111110001111111011111111100000111110000001111
0000100000000100111100010011110000011111000011111100011111110001111111000111111100011011110000010111
0111111000000000000001110011100111001110111111111110011011110001110111000111111100111101110001000000
0000000000000100111100111011110011111111011011111100101111110011011111001001111100001100000011110001
0000011111000000111100000011110000111111000001111100010111110000011111000001111100000011110000001111
1110000011111000001111000000001100000011100011111010011110001011111000101111111101100111110010001111
0000000000101111001011111100010110110010011100000011111100001111111000111111110000001111001000110010
1110000011111000010011100000100100011100010011100011000111101100001110110101111011111111111111111111
0011111111011100111101100011011110110010100011100000000100001000110000100001100011001011001111111100
1110000111110000011111000001111111100000100111000010001100000011111100000111111000011111100000011110
1110001111110000011111000111111100000000100111000110011100001000111000000111111000011011111000111110
0011100001011110000101100000011110110000111111000101111000000011111100001001110000001111111001000111
0111111111010001111101000111110000011111000001111100000111110000011111000001111100000111110000011111
0000000011000000001101111100001111111111111111111101100000011111111000111111110011111110000010010111
1000110011000001001100000000110100000011111111011101111100101111111110111111110000010101110000000001
0000110111000011011100000001110000000111111111011100011101011110111111111111111101110111110000000011
1110001100111100010011000001001000110101111111110011111100100001010011011010000010110000100110111111
0000110111000011011100000001110000000111111111011100011101011110111111111111111101110111110000000011
1110000001100000000100000000001000000001111111111111111111111111100000111110010110011101011000111111
1000110111000011011100000001110100000111111111001100111101101110111010111110101000111111110000110001
0000001111100000111100000011110000001111000000111100100011110000011111000000111100000011110000011111
1100000011111100011111111110001101001100000011110001001111100001111111100011111000001111000000011100
1100100111100111001010011100000011110110000111100000011110000001111100001111110000111111000011101100
0011111111011111111111110001101110011100000001010000001110000000000000100100110010010111101101001111
1110001111110000111111000011001011000000111111100110001110000000111110000111111000011111000001101100
1100000011110000001010000000011000000010000111100000111110001000111000111111111111001111111100011111
1111000011111000001111100000111111000000011111001001011100000001111100000111110000000011111000001111
0011111111011100111101100001111110100100000010000000001000010000010000100001110011000111001111111110
0011111111011101111111100011101110111000010001000000001110000000000000100011110011000111001111111110
0001111111110011111110001111111000001111000000111100000011110000001111000000111100000011110000011111
1001100001000000000100000000010000100000000010000011111000001111011111111111111111111111111111111111
0000000011000010001100000000110001100000000111000000011100011111101111000000001111111111111111111111
0000000001000010001100000000010011100000000110000000011000011111110111100111011111111111111111111111
0000000001000000001100000000110000111000000001100000001110011111110111100111011111111111111111111111
0000001111000000111100000011110001100001000010000000001011110001111111110001111111111111111111111111
0000000111000000011100001111110001010100001111100000111111110000111111100011111110011111111001110011
0000000111000011000100000010110000010011000001100100001100000000111000111111100011111111111111111001
0000000011000011000110000100010000001001000010110000001111000100111000111111100111111111011110001001
0000000001000000001100000000110000111000000001100000001110011111111111000010000111111111111111111111
0000111111000001111100000111110000011111000001111100001111110000111111000011111100001111110000111111
0000000001000011000101001100000101100000011111100000111110000111111000111111111011111111001111111111
0000000111000001111100000001110001100001001111100000101100110011111011111111111100111111111000001011
0000100000000000000000000010000000000100111111111011111111101111011100111100000011111111111111111111
0001010010000101000000001100000001010000000111100011111111111111111111111111111111000010001111111111
0000111000000011100000001000000000000110000000111011111111111111111100110000110011111111001111111111
0000000001000000000100000110110000111001000011100000001110001111111001111011101111111111111111111111
0000000011000000001100000000110001110000000011000000001100111111000111110101111111111111111111111111
0000011111000001111100000111110000011111000001111100000111110000011111000001111100000111111000111111
0000000111000000011100000001110000000111000000000000000000111111001111000010011111101111111111111111
0000000111000000011100000001110000000011000000000000010101111111000111100100111111111111111111111111
0000111111000001111100000001100000000000000001111100000011110000101111000000111111111111111111111111
0000000011010000001100000100010001110000000110011100111001111101000111110000111111100111111000101111
0000000111000000001100000001110000000011000000000000000000011111100011100111111111111111111111111111
0000001111000000011100000011110000110111000000000000000101110000000011111100011111110001111010101111
0000000011000010011100001001110000000001001000101000001100011110000011111001011111100001111111111111
0000111111000001111100000111110000011111000001111100000111110000011111000001111100000111110000111111
0101000000110000000011001100001111111101000011010110001100001111111000111100100011110111111111111111
1111111111111001111111111111111111111111111101011110010000110001000000000000000001000000001100000000
0101000000110100000011001100001101111001000011010110001100001111110000111101100011110111111111111111
1111000000110011000011111111101111111000111111000011010100000001010000000100100000010010001111001100
0010000000001001000010111101101111110111100111111101111111000110111111001000001100010000000001000000
0000000011000000011100000001110000000111000000111100001011111000111111110011111111111111110111111111
1111101111111100011111110001111111010011111011101111110000111100000011000000000100000000000001100111
1111011011111110101111100010111110000001110000000111000010011100001001110000110111000011011100000101
0001001101000100110110100011011101001111101101110110010011110111001111111101011111100101000110011100
1100111111110001111111000111111100001111110001111111000000110000000011000000001001100000001100000000
1111111111111001111111111111111111111111111101011110010000110001000000010000000001000000000100000000
1111111111111101111111100011111110001111111000111100000001110000000111000000111100000001110000000111
1111111111111111111111100111111110011111111101111111100111111000001111000000111100000000000000000000
1111111111111111111111110111111110011111011001111111100111111000001111000000011100000000000000000000
1110000111110000111111000011111100001111011000111100101011110000111111000001111100001101110000110111
1111111111111101111111100011111110001111111000111100000001110100000111000000111100000011110000000111
1111111111111001111111100111111110001111111000001100000010010000000111000000111100000001110000000111
1111111111111111111110000111111110010111111011011100101100110000110011000011011100000111000000011100
1111111111111111111111110111111111011111111111111111011101110001001111000000000000010000000000000000
0001111111000111111100011111111000111111000011111100000111110000011111000001111100000111110000011111
1111111111111111111111111111111111011111111000111111101011110000100000000010010000000000000000000000
1111111111111111111111100011111110001111111100111111110001111111010111111111000000000000000000000000
1111111111111111111111110011111111000111111100011111110001111001111101000011111000000000100000000001
1000000011101111001011011100001111110011111111001111101100011100110000110001000011001110011100110001
0000000110000011010100011000111111110111111111001111111000111000100001110010000010011100001001111000
1111111111111111111111110011111111000111111110111111111111111111111110111110000000000000000000000000
1111111111111101111111100011111110000011111000000111100000011110000000110100110011110001001111000000
0001111111000111111100011111111000111111000011111100000111110000011111000001111100000111110000011111
1110001111111000111101100011110010001111000100111100000001110100100111110100011100000111111000000011
0111000111011100111101100001110000011111000000111100000001111110000111111111001111100110110100001111
1111101111111100011100100011110000001111000000111111000011111110000011111000011100100001110000000001
0111000111011110011101100001010010001111000000111100000011111110000001111000011111111111111111001110
1110001110111100111111100000110000001111000000111100000011101100000011111000011111100110011110001110
0111000111011100011100100000110000001111000000111100000011111100000111111011111111111111111110001111
1100111110110011111110010001110101000111110000011000000001101000100110000000111100000011111100000111
1111000111111010001100100001110000001111000000111111000001111110000011111010111111011011111100000011
0100011111100001111100000111110000011111000001111100000111110000011111000001111100000111110000011111
1010000100111110010011101101000000000100000110000000001100001110000100111110111111111011111101001011
0011111001000111101100010000110000000011000000011110100000111110001111111010111111111111111110111110
1111110011111110011101111000110101100011010110001111010000011110000001111000000111000001111110000111
1111100011111110011101110000110001100111000000011111110000111110000001111000111111000011101100001001
0111000010011110011000110000110010000111001000011101010000111111001110111100100111111001111111111111
0001111111000011100100000010010000001011000000101111100000111111000011111100001111110001111111111111
0111000111011110111000100001110000001111000000111101100011111111000111111101111111111111001111111111
1100011111110001111100000111110000011111000011111100000111110000011111000001111100000111110000011111
1101111011100011111100000010010000000001000111001100111100111111110001111111111111111110111111111111
1111000101011100001101100001110000001111000111111100011011111111110100111011111111111111001111000111
1111000001011110000101100000010010001111000001111100011111111111100001111010011111101111111111101110
0111000111011110011100100001110000000111000110111100011011111111100111111111111111111111111110001111
0111000111011110011100100001110000001111000110111100011011111111100111111010111111101111111110000111
0111000111011100011100100001110000001111000011111100011011111111100101111111011111110110011111001111
1111000111011110000101000000000000001111000011111100011111110111110111111111000100111100110000111110
1110000111111100011101100001110000001111000000111100011111111111110001111110111111101001111110000100
1100001111110000111100000011110000011111000000111100000011110000001111000000111100000011110000001111
1110001111101100111101000011110000001111000000111111100011111100000111111000111111100010001111001111
1111001111110100110101000011110000001111001100111110100011101110000111111101011011110000001111101111
1110101111111100111101100011110000001111000000011111000011111110000111111000111111111111111101111111
1111111111111101111101100011110100001111010000011111000001111100001111110000111111000001111100000111
1111101111111100111101100011110100000111000000011100000001111110000111111000011111000001111100000111
1000011111000001111100000111110000111111000011111100000111110000011111000001111100000111110000011111
1111111110111010001111001000111111100011111111111011111111001111100100000111010000011000000000000000
1101111110110111011011011001101001000110110110001011011000101101110100111010010011101001001110110001
1100000000111110100011110011111111000111110000011100010101110000001100011000110001100111001110011000
0111111111011100111111110011111110001111111000011111000001110110000111010000011101000011110110101110
1111111111111111111111111001111110110011111100000111000000011100000001000000000110000000000000000001
1111111111111100111111110001111110001111111000011111100000111110000010110000011011000000111111100111
1111111000111010000011111000001111110000111111100011110110001110011000111001000011100100001111010100
1111111111111101111111110011111110001111111000011100100001110011001111000100111100000000000000000000
1111111111111111111111110011111110000111110000001110000000110010001111000000011100000001110000000111
0011111111010111111100011111111000111111100011111100001111110000111111000011111100000111110000011111
1111111111111111111111110011111110001111111000111100000011110000001111000000011100000000110000000000
1110111111110000111110000001111000000111100000011110000001110000000111000000011100000001110000110111
1111111111111100111111110011111000001111000000111111000001111110000111110000011111000001111100001111
1111111111111101111111110011111111101111111111111111111011101111111100111111000000000000000000000000
1111111100111100110011100011101110001100111110000011111000001111100000111110000011110010001111000100
1111111110111101111111110000111100000111110000011011111001001111001000111100000011100110001110011000
1100000100111000111011111101111011100011111110011111110000001111110000111111000011101100001100010000
1111111110111100011011100001101111000110111110010011110011001111100100111110010011110001001111000000
1111111111111111111111110011111111001111111010011111111101111111111011111111000000000000000000000000
1111111111111111111111111001111110000111111000001111100001111111011101111111110000000010000000000100
1111111111111110111111110011111111100111111110011111111111101111111100111111000000000000000000000000
1111111111111111111111111111111110001111111000011100000011110000000001000000000000000000000000000000
1111111111111111111111100001111110001111111000111111000011110100010111000001011100000000000000000000
1111111111111111111111110111111100001111100000111111100001110110000111000000011100000000110000000000
1110101111111000011111000000111000000001100000100110000010111000001111100000011110000001110000100111
1111111111111111111111110011111110000111111000001111000000111100000111100000011100010001110100000111
1111111111111111111111110111111110011111101001111111000011110100001111000000111100000000000000000000
0111111111010111111110011111111000111111100011111100001111110000111111000011111100000111110000011111
1111111111111111111111110011111110000111111000111100100001110010000111001001111100000000000000000000
1111111111111111111111110111111110001111011000111111100011110000001111000000011100000000010000000000
1111111111111111111111100111111100001111111000111111100000111111100001111010000000000000000000000000
1111111111111101111111110111111100001111111100011111110000111111100001111100000000000000000000000000
1111111111111100111111110001111100000111100000011111100001111100000100110000010011100111001110011000
1111111111111101111111100011111110000111100000001111000000111110000000111000000011100000001111111000
1111111111111101111111100011111100001111100000001110000000111110001000111000100011100010001111111100
1111111111111100111111110001111111000111110000011111100001111100000001111000000111110000001111000000
1111111111111101111111110111111111001111111100011111100000011111110001111100000000000000000000000000
1111111111111100111111101011111111001111111000011111100001111110000001111000000111110000001111000000
1111111111111111111111110011111111001111111110111111110111111111110000111000000000000000000000000000
1111111110111111111011110011111110001111110000111011110011101110000000111000000011101000001100000000
1111111110111011111111000111111000001111111000011111100011111110001011111000000111101100001110100000
1111111111111111111111111011111111001111111100111111100011111110100001111010001111000000000000000000
1111111111111100111111110011111111000111111100011111111001111111000011111010000111001000001100000000
1110011111110101111111000111111100011111100001111110000111111000011111100001111100000111110000011111
1111111111111101111111110111111111001111111101111111100011111111100011111010000010000000000000000000
1111111110111111111011110011111111000111111100011111110001111111100111111000000111000000001110000000
1111111111111111111111110111111110001111111100111111110111111111001100111000110000000000000000000000
1111111111111111111111110011111111011111111111111100111111110010001111000000011100000001110000000000
1111111111111111111111110011111111001111111101111100111111110011001111000001011100000000000000000000
1111111111111111111111111101111111100111100011101110001101110000010111000011100000011110000000000000
1111111111111111111111100011110110001111010010011100001111110000111111000111111100000011110000000111
1111111111111101111111100011111100111111000011111100000111110000011111000110111100000011110000000111
1111111111111111111111111111110000000011001000111100101001110000110001000000000100000000000000000000
1111111111111111111111110011111111001111111101111100110111110011001111001001011100000000000000000000
0000001100000000111000001101100001111111100111111101111111110010111110001011111000001111100000000000
1111100000111110000011111000011111100000111110000011111000001111100000111110000011111000001111100000
1100011111110001111111111110111101111011111011100101000100010000000000000001100000001100101000000000
1101111111110111111111010011111100111111110001111111000111111000000110100000000000000000000000000000
0000111010000111000000111110000111111000010111110001011111001100111111110111111101011111110101111111
0000000000000001110000011011000011110011000110000100011111110011111111001111111101111111110011111111
0000001001000000100010000000000001101000000010100000001101111111111111111111111111111111111111111111
1101111001010000000111000001110000100001000111000100011100010011001011111110100111110111011111001110
0000000110000000111000000011100001100110000010110000001010111111110001111111011111111111111111111111
0000000010000000001000001000000000100100000110110000011111111111111111111100111111111001111111011111
0000000000000000000000001000000001110000000111000000011011111111111111111111111111111111111111111111
0000011111000001111100000111110000011111000001111100000111110000011111000001111110000111111011111111
0000000000000011000000001000000000111000000111000000011100111111111011111111000011111111111111111111
0000000000000001000000001000010000100000000011100000011111111111111111111111111111111111111111111111
1111111000110011100010001111101100111110011111010000111111000011111000001111000000111100000011100000
0000010000000011000000001000000000110100000011100000011100001111111111111111111111111111111111111111
0000000000000001000000000100000000111000000111100000011111110001111111111111111111111011111111111111
0000000000000001000000001100000000110000000011000000011111110001111111111111111111111111111111111111
0000000000000000000000001100000001100000001111100001111110110111111111000111111111111111111111111111
0000000000000000000000000000000010111000001111110000011110010011111111101111100111111111111111111111
0000011111000001111100000111110010011111000001111100000111110100011111000001111110001111110000111111
1111011111111110110011110011011100001101111011110011001011000001111100000111000100010100001000001000
1111111111111101101011110010011001001001100111100110011110010001111101000110000000001000001110000011
1011001111111110011010100001101010000110101011011011000101101000010110000110011000011001100000010000
1111101111111110011001110011101101110110110110011011011001100000110110000111011100011100000000001000
1110100111101010011111100001110100000111110001011101001101110101101111011110011101111001110011100111
0011100100011110011101110011100011000101001100010000100111000011011111000100111100111111000001111100
1011110110100110010010001001011000010111100011011111101100001100010000111001000011111111111111111111
0000111111000011111100001111110000111111000011111100001111110000111111000001111100000111110000011111
0001111111000111111100010111110001111111000111111100011111110001111110000001111000000000110000000011
0000111111000011111100000111110000111111000111111100011111110000111110000011111010000000110000000001
0000111111000011111100000011110001111111000111111100011111110000111110000011111000000001110000000001
1111111111111100101011010010111101011111111111101111011110010000000000000000000000000000000000000000
0110010011011111001100100001111110000111011000001100111100110011110111001111111000010010100000000000
0111110011001111101100001100010000010011000010001001011111111111110101111111110000110001100000000110
1111111111100001100110000011111011001111100001100110011100001001110000001111100000011110000000000000
0011111111001001101100101111100110001110001001101000101110100011111010011111111001111101100000100011
0010111111000001111100000111110001011111000001111100001111110000011111000001111100000111110000011111
1111111111011011111111110001111111000111110110111101010011100110000010000000000000000000000000000000
1101111111110100111111110011111001111111110111111010011111000000000000000000000000000000000000000000
0011111111001110111101110011100110000110011001111001100111100111110110011010111001100011100110001110
0111111111001001111100110010110001101111001111001111011000100000100000000010000000001000000000010000
1111111110011110011001110001110111000001001110010100111001110011111111101110000100111111000000011110
0111011111000011111100000111110000011111000001111100000111110000011111000001111100000111110000011111
1110000111100011110111011110011011111000001111110000111111000001110000000011100000000110000111011000
0111111111011011111110100110011011111001000111100100011110010001111000000101000000000010000000000000
1111111011011000111101100011111100000110010011011101011100010011111000111111000001111110000011111000
1111111111101101111110110000111011010011001111011110111101111001110000000101000000000100000000000000
1111110111101101011010100000111010001010110011111010001100101111110000000111000000010110000001011000
0011111111001001010100100111011111111101101111010100011110011011101000000010000000001000000000010000
0100111011010000101011000011101100011110010001101001001110101111111100111111110011100111110000000001
0110111111000001111100000111110010011111000001111100000111110000011111000001111100000111110000011111
1111111111101010111110111010011011101001101100100110110010011010000000000000000100000000000000000000
1111111111110101111111110011001101001100110110110001010001000100000000000000000000000000000001000000
0011111111001111110100100100010000000011000000000011000001111110000111111000110000101000000001110000
1111111100011001110000100011110010010111001001010100110001110001001111110011000011011110000000011000
1111111111101111011111110011011111001101100100010110100011011000000000000000000000000000000000000000
0101111111010110011101010011001110001100111000110001100011001110001100111000000011000000000000000000
1111111111010110111101010110010101001001110100110101000000011100000001000000000000001000000000110011
0110011111000011111100000111110000011111000001111100000111110000011111000001111100000111110000011111
1001111110100111111000111001101011000110110000111010100011100000001110001001111000001111110001000011
0011110110011101010001110001000111000000001001000000000000000000011111100100111101111111111111111111
0001110011011101001001110100100011010000001001000000000100000000111111100010111111111011111111111111
0111100110111100000001110000000110000000001100000000010000000001001111001101111111110111111111111111
0000101100000011110000000110000010011000111001110011100001001111000111111111111111111110001111100100
0111111001011110100001111000010111100011011100000101110000010011011000011111000011110000001101111110
0000111111000011111100001111110000111111000011111100000111110000111111000011111100001111111110111111
0011001000001100000000110000000001100000100000100010000010001111110000111111000011111100001111110000
1100000110111010001001111110010101100000000100000011010011111110000011111000001111100000111111000011
1111111111111101111111110001111111000111111100010111100001001100000000111000011100000000000000000000
0000000000111000000111111111011111011111000000011100000000001111000000111100111010000011111110011110
1111111111111100011111110001110010000000000000000011000000001111000000111100111100000011111111011111
1001111111000111111100001111111000111111000011111100000111110000011111000001111100000111110000011111
1110010001001010000100000000010000100000000010000011111000011111111111111110111111111100001111000011
1111100000101100011100000101110000000011000011010011011100101111101011111110101111110000111110011011
0000000000000011111000011111100011110110001111111000111011101110111111111111111111111100111110010011
1011110000111100011100001001110000000011000111010000010001000011001111111110111111100001111110110111
1100000001000110011100001001110000100011000010000111111001111111001111111100011111111001111110000111
1110001011010001001100000100110000000001001001111001111001000111010111111111010111111000111111011011
1111111111001101111100000000010000100000000000000011111011111111011111111101111111100000001111110111
0000011111000001111100000111110000011111000001111100000111110000111111000011111100000111110000011111
0000000000000111000001111111001111110000011111000000100000100100110101101110110111111010011110111011
0001111100000111100000011110000001111100000111111000111111001111111101111011110111100110111110011111
1111111011010010101100000000110000100001000110000011111011111111111111111011111111100100001111110111
1111101010111100101100010010110001100011000010000000001100001111101111111110111111100011111110001111
1100110011110110001100001000110000000001000011000000011000001011111011111110011111111011111111001111
1000000111000000011100001001110000100011000010000000001000001111001111111011111111011010001111111111
1000000000100000001100000101110000000011000011000000101110001111100011111110011111111000111111011011
0010000001000000000100001000010000100000000010000011111011111111011111111101111111110000001111110011
0000011111000001111100000111110000011111000001111100000111110001111111000001111100000111110000011111
0000111110000000111100010011110001100111000110111100011111110001111111000111111100011111110000101111
0000011111000100011100110011110001111111000111111100111111110000011111000001111100011101000000011111
0000011111000001001100000011110000001111000110111100011101110001111111000011111100001111110000000111
0000101111000100011100110011110011111111000011111100101111110000001111000000111100000001110001011111
0000011111001000011100110011110011111111000111111100111111110000001111000000111100000000000000011001
0000111011000001101100000110111000111111000111111100011100001010011111001110111100011011110001111111
0000000000011111100111001111001000111111000111111100000001110011111111001111111100111111110000100011
0000011111000001111101000111110010111111000001111100100111110000011111000001111100000111110000011111
1001111100001110110000110011000011110100000111010000001111000001111100000111111100011110111100011111
0111110010111101001011110000001110010000111110000001110000000011100000001110111100011111110001110111
0011110010111111001011110000001111000000011111100001111100000011110000000111111100011111110001110111
1000111110100101111010010011101000001010001111101000011110100001101010000111011110111111111110000111
0011111100001111010000110001100001000100000001110000001111111000101111100111001110111011111111111111
0011110100000111010000001000000000001000000001111110000110111001101111111111111101111111110100111111
0011110000011111000001110000000011110000000110000000011111100000111111111111111111111111111110011111
0001110000011111000001110100000010110000000111000000011100000000111111110111111111111111110111111111
0000001111000000111100000011110100001111000000111100000011110000111111001001111100111111110000011111
0000101111000000111100000011110000111111000011111100010111110001101111001111111100011111110000000111
0000011111000000010100010011110001011111000011111100011111110001111111011111111100000111110000001111
0000100000000100111100010011110000011111000011111100011111110001111111000111111100011011110000010111
0111111000000000000001110011100111001110111111111110011011110001110111000111111100111101110001000000
0000000000000100111100111011110011111111011011111100101111110011011111001001111100001100000011110001
0000101111000100111100010011110001111111000011111100111111110000011111000000111100010000100000011100
0000011111000100111100110011110011111111000111111100011111110001001111000000111100000111000000011011
0000010011011000000100000000110111111111111111101100011100001111000000010101111100001011110000100011
0000011111000000111100000011110000111111000001111100010111110000011111000001111100000011110000001111
0000000001000000001100000000110000111000000001100000001110011111110111100111011111111111111111111111
0000001111000000111100000011110001100001000010000000001011110001111111110001111111111111111111111111
0000000111000000011100001111110001010100001111100000111111110000111111100011111110011111111001110011
0000000111000011000100000010110000010011000001100100001100000000111000111111100011111111111111111001
0000000011000011000110000100010000001001000010110000001111000100111000111111100111111111011110001001
0000000001000000001100000000110000111000000001100000001110011111111111000010000111111111111111111111
0000000001000010001100000000010011100000000110000000011000011111110111100111011111111111111111111111
0000000011000010001100000000110001100000000111000000011100011111101111000000001111111111111111111111
0000111111000001111100000111110000011111000001111100001111110000111111000011111100001111110000111111
0000000001000011000101001100000101100000011111100000111110000111111000111111111011111111001111111111
0000000111000001111100000001110001100001001111100000101100110011111011111111111100111111111000001011
0000100000000000000000000010000000000100111111111011111111101111011100111100000011111111111111111111
0001010010000101000000001100000001010000000111100011111111111111111111111111111111000010001111111111
0000111000000011100000001000000000000110000000111011111111111111111100110000110011111111001111111111
0000000001000000000100000110110000111001000011100000001110001111111001111011101111111111111111111111
0000000011000000001100000000110001110000000011000000001100111111000111110101111111111111111111111111
0000011111000001111100000111110000011111000001111100000111110000011111000001111100000111111000111111
0000111111000001111100000001100000000000000001111100000011110000101111000000111111111111111111111111
0000000011010000001100000100010001110000000110011100111001111101000111110000111111100111111000101111
0000000111000000001100000001110000000011000000000000000000011111100011100111111111111111111111111111
0000001111000000011100000011110000110111000000000000000101110000000011111100011111110001111010101111
0000000011000010011100001001110000000001001000101000001100011110000011111001011111100001111111111111
0000000111000000011100000001110000000011000000000000010101111111000111100100111111111111111111111111
0000000111000000011100000001110000000111000000000000000000111111001111000010011111101111111111111111
0000111111000001111100000111110000011111000001111100000111110000011111000001111100000111110000111111
1111000111111010001100100001110000001111000000111111000001111110000011111010111111011011111100000011
1100111110110011111110010001110101000111110000011000000001101000100110000000111100000011111100000111
1110001111111000111101100011110010001111000100111100000001110100100111110100011100000111111000000011
0111000111011100111101100001110000011111000000111100000001111110000111111111001111100110110100001111
1111101111111100011100100011110000001111000000111111000011111110000011111000011100100001110000000001
0111000111011110011101100001010010001111000000111100000011111110000001111000011111111111111111001110
1110001110111100111111100000110000001111000000111100000011101100000011111000011111100110011110001110
0111000111011100011100100000110000001111000000111100000011111100000111111011111111111111111110001111
0100011111100001111100000111110000011111000001111100000111110000011111000001111100000111110000011111
0011111001000111101100010000110000000011000000011110100000111110001111111010111111111111111110111110
1111110011111110011101111000110101100011010110001111010000011110000001111000000111000001111110000111
1111100011111110011101110000110001100111000000011111110000111110000001111000111111000011101100001001
0111000010011110011000110000110010000111001000011101010000111111001110111100100111111001111111111111
0001111111000011100100000010010000001011000000101111100000111111000011111100001111110001111111111111
0111000111011110111000100001110000001111000000111101100011111111000111111101111111111111001111111111
1010000100111110010011101101000000000100000110000000001100001110000100111110111111111011111101001011
1100011111110001111100000111110000011111000011111100000111110000011111000001111100000111110000011111
1110000111111100011101100001110000001111000000111100011111111111110001111110111111101001111110000100
1111000111011110000101000000000000001111000011111100011111110111110111111111000100111100110000111110
1101111011100011111100000010010000000001000111001100111100111111110001111111111111111110111111111111
1111000101011100001101100001110000001111000111111100011011111111110100111011111111111111001111000111
1111000001011110000101100000010010001111000001111100011111111111100001111010011111101111111111101110
0111000111011110011100100001110000000111000110111100011011111111100111111111111111111111111110001111
0111000111011110011100100001110000001111000110111100011011111111100111111010111111101111111110000111
0111000111011100011100100001110000001111000011111100011011111111100101111111011111110110011111001111
1100001111110000111100000011110000011111000000111100000011110000001111000000111100000011110000001111
1110101111111100111101100011110000001111000000011111000011111110000111111000111111111111111101111111
1111111111111101111101100011110100001111010000011111000001111100001111110000111111000001111100000111
1111101111111100111101100011110100000111000000011100000001111110000111111000011111000001111100000111
1111001111110100110101000011110000001111001100111110100011101110000111111101011011110000001111101111
1110001111101100111101000011110000001111000000111111100011111100000111111000111111100010001111001111
1000011111000001111100000111110000111111000011111100000111110000011111000001111100000111110000011111
0000000000011111110001001111100100111110010011111001101111100000100100000000001000011111100001111110
0000000101000000110100001110010000111111000011111100001111100001011001000101111100010111110001011111
0001000111000100011100000011110010000111000011111100001110110010111011010011111100101111110010101011
0000011101000001110100000111110100011111000011111100001111111000011111000011111100001111110111111111
0000011011000001101100000011110000011111000011111100000111010000010011000001111100001111111111111111
0000001101000001111100000011110000011111000011111100001111110000111111000011111100001011111111101111
0000000000001111110000100111100100001111110001101100010111000000001110000001111100000111110000011111
0000001111000000111100000011110000001111001001111100000111111000111111001111111100001011111111111111
0000001111000000111100000011110000001111000011111100001111110000111111000011111100000111110101111111
0000000111000000111100000011110000111111000011111100001111110001011111000101111100010111110011111111
0001000111000000011100000011110000000111000100001101111111110100111011001111111100001110110001111011
0000001111000000111100000011110000001111000111111100010111110001111111000111111100001111110000011111
0000001111000111111100000011110011000111111000011100001001100000111111000111011100011111110011011111
0010001111000101111100110011111110001111110000111110001001111000110111000111111100010111110001011111
0000001111000010111100011011110110000111111001111111000111111100101111000011111100001111110101110111
0000010011000001001100000011110000010111000111101111001110010001111001001111101100001111110011011111
1011111000101111110010110111001111001111110000011110000001111000000111101000011110100011111110000111
0111111111011111111101110011111111001111111000011101000001110000000011010000001101100001110111000111
1111110000111111100011110010101111001111111000111111110011111111001111100100000000000000000000000000
1011000000111101100011110110001111001100111000111011110001111110011111111000000011010000001010000000
1000000000111101100011110110001111001100111000111011110001111111001111111000000011010000001000010000
1110111100111011111011111011101111000111111000011111110000111111000111111100011110000000000000000000
1101100000111111100011110010001111001111111000011111110011111111001111111000000110000000000010010000
1110110000111011100011100010001110001110111000111111100011111110000111111000000011000010001001000000
1111111111111111111111111001111111000111111000011111110001110011000111000000000000000000000001000011
1111111111111111111111111011111111000111111000001111100001111110000111111000011111100000111111000111
1111111111111111111111111111111111001111111000011111100000111110000111001000011100100001010000010111
1111111100111111111111110011111111001111111000111111100001111110000111111100011101110001110010001111
1111110011111111100111111011101111001111111100111111110001110111000110000100000000010000000000001011
1111110011111111100111111011001111001111111100011111110001110111000111000100001100000010111000000000
1111110011111111100111111111101111001111111000111111100011111011001100000000000000000101111100000000
1000100111100000011100000000110000000011100000001110000000111000110001100010000111000000011100000001
0011111011001111101100111111111111111110111110110010111000001111110000111111110000111110000000111000
0000101100001111110010111111001011111111001111111110111111001110111100111011110000001111000000001000
0000000111000000011100000001111111111111101111111110111100001111101000111111100010111100110000000001
0000000110000000111000000001101111011111110111001111011100001111110011111111001111110001010000001000
0000000111000000011110000001111101001111111000111101011100001111110000111111100111111100000000000001
0000011100000001110010100111001011001111101111001110111000001111000111111100011110110010000000000000
0000000111000000011111010001111111000111110110001111011110001111111001111111100000011100000001010010
0000000011000000001111100000111110101111111010001101111100001111111001111111100010000100010000000010
0000100111000110011111111111111111111111101111111100111001001011000000111000000111111101000111100100
0000011111000101111100000111110000011111000001111100000111110100011111000001111100000111110000011111
0000000000000000000011111111111110111111111011111111111111111111111111000110111100000000000000000000
0000000000000000000000000000001111111111111111111111111111111100011111000000000000000000000000000000
0000000000000000000011111111111111111111111111111100111111110110110111011110001000000000000000000000
0000000000000000000011111111111111111111111111111110011111110011111001000111111000000000000000000000
0000000000000000000011111111111111111111111011111111111111111111111111110110111100000000000000000000
0000000000000000000011111111111111011111111111111111111111110111111111010010111100000000000000000000
0000000000000000000011111111111111111111111111111101111111110111111111000000001100000000000000000000
0000000000000000000011111111111111111111111111111100111111110111111111000000011100000000000000000000
0000000000000000000011111111111111101111111110111111111111111111111111110110000000000000000000000000
0000000000000000000011111111111111101111111110111111111001111111110111111011001100000000000000000000
0000000000000000000011111111111111111111111111111111111111111111101111000000000000000000000000000000
0000000000000000000011111111111111111111111111111111111111111111110111100000000000000000000000000000
0000000000000000000011111111111111111111111111111111111111111111100000000000000000000000000000000000
0000000000000000000011111111111111111111111111111111111011111111111111111010000000000000000000000000
0000000000000000000011111111111110011111111111111111111111111110111111111111111100000000000000000000
0000000000000000000011111111111111111111111111111111111111111110111111110000000000000000000000000000
0000000000000000000011111111111111101111111100111111100001111111000001111101000000000000000000000000
0000000000000000000011111111111111011111111110111111110011111110001000111111100000000000000000000000
0000000000000000000011111111111110111111110001111111100011111110001100111111110000000000000000000000
0000000000000000000011111111111111101111111100011111100001111111000001111101000000000000000000000000
0000000000000000000011111111111111011111111100111111111100011111110001100000000000000000000000000000
0000000000000000000011111111111111101111110000011111110001111110000110111111111000000000000000000000
0000000000000000000011111111111111011111111101111111111000111111110001110000000000000000000000000000
0000000000000000000011111111111111011111111100111111111000111111100001100000000000000000000000000000
0000000000000000000000000000001111111111110111111111011111110010111111000000000000000000000000000000
0000000000000000000011111111111111011111100000111111100011111110000111110000111100000000000000000000
0000000000000000000011101111111100001111101011111110100011111100100111111011011100000000000000000000
0000000000000000000011111111111111111111111000011111100011111110001111000000011100000000000000000000
0000000000111111111111111111111110111111100001111110000001111010000111000000000000000000000000000000
0000000000000000000011111111111111011111111100111111100011110011111111000000011100000000000000000000
0000000000000000000011111111111111011111111100111101110011110111001111000000000100000000000000000000
