1111111111000011111100011111110000000001000000001100111111110001111111000000000110000001011111111111
0000000000000000011111100011111100000111111000111111101111111100110110110011010000001001110110000111
1110001111111000111111000011111110001111111000111111100011111100000111000000011100000001110000000001
1100010011110001111110000011111100011111110001111111000111111100011111110000011111100001111000000000
1100000111110010111111001111111000101111000011111100001001110100000011011101001000001000100000000010
0001111000000011000101011100010111111011001100001100011100010000000000000110111100000011110000101111
1110001111111100111111100011111110001111111000111111100011110010011111000000011100000001110000000001
1110000111110000001111000000111110000111111000011111100001111110000111110000111111001011111100001111
0000001111111111111100011111111000001111000000001111111111110001111111000000111100000000111111111111
1100000010110111001000011100000011111000011111101000111111100011010110001111101000101100000010010000
1110000000110011001010011100101011111010100111010010010111001001111100100111000010010100001001010000
0000000111000000011100000001110000000111100000010111000000011100000001110000001111001001111100100111
0000000011001000000110100000011110000111110000011111000001111100000011111001001111100100011110000001
1000010001110001001111100101111111000111111000011111100001111110000111111000011100001000110000100000
0010000111000000111100000011111000001100110000110011000000011100000001110000001111000000111100110011
0000001011000000000100000011011000111000110001100011000000011100010001100000001110000001111001001111
1111010111111001011111000101111100001111110000011111000001111100000111110000011100001100010000000000
1100111010100111101000111110100011111000001001000000100111000010111110000000010000000001000000001100
1111111111111111111111100111111110011111111000111111110011111110000100111000010010000001001000000000
1111111001111111101111111111111100111111110001111110000111111100000011111000101111100010110000000011
1111111111110111111111001111111000011111100001111111000111100100011100110000110001000001000000000000
1111111111100011111110001111111000111111110001111111000111001100001100110000110011000000001000000000
1111111000111111110011100111011100011111110001111111000011111110001001111000100111110010011110001001
1111111111111111111111110111111110011111110000111111000011111100001100110000110011000011000000000000
1111111111110011111110001111111000111111111001111111000111001100001100110000110011000011000000000000
1111111111111011111111001111111100011111100001111110000011111100001100110000110011000001101110000000
1111111111111111111111001111111100111111100001111111000110111100001001110000100111100010010000000001
1111111111111111111011001111111000111111100001111111000011111100001001111000100111100110010000000001
1001111111000011111110001101111100011111110000011111000001011100000000100000011111110111111111111111
0011111111111011111111101111111001111111110011110111000011001100001110110000000100000000000011111111
1110111111111011001110000000010000010001011110110010011001101101001110110100010111110011111111001101
1111100111110000001110000001100001110011100110000111010000011110011111111000011110100000110110000101
1110111111111111001110000000011000010001101110110010011001101101101110110100010111110001111111001101
1111011011111001001111000000011100000001000000000101100000110110000110010110011111011011111001111111
1111111011110010001111000100111000000001100000000010000000111000000011101100100110110111011111111111
1111111111110111100111001101011000001011000000001000000000001000000001100000000010110011011011011101
1111111111111011100011000110101000000011000000000010000011000000000111001000011101000101110101010111
1111111111111110011111111001111111100011111100100011000010001000000000000000111000000010000000000000
1111111011111111001111100000011001100001111100000111000001111100000011111110011110000011111000111111
1111111111111111001111111000110011000001000000000111110000001110000001000000110000000000001100100111
1111111111111110011111111001111111100011111100100011000010001000000000000000111000000010000000000000
1000111111100001111100001111110000011111000001111110000111110000011111000001111100000111110000011111
1111111101111111100111111110001111111000111111100011111110001111110000111111100011111110001111111000
1111111111111110011001101001101110010111111001100100110100000010000000001111000000001100010000100000
1001111111000010000100010000010001100000100000000010000000000000000000110000000011111100111111110001
0001101111000000111100010111110000001111001001111110100111111110000001100000000100000110110100111111
0000111011000000111100000000101100000111111000001111100000011110000110110001100111010111111011111111
0011110111000100111100001011111011001111101001111111000101111100000001110000000010000010010010011111
1110001111111000111111100001111100000111110000011111000001111100000111110000001111000100011100010001
1111001111110100111111000001111110000111111000011111100001111110010111111001011011000000001100000111
