1111001111111000011111110001111111000011111100101111110010111110000111111000011111110101111110110011
1011111100001111110000011111001000011100101101100010010100001111111100111111110010001110000000011111
0000000000000000000000011011000001111011001100001111111111111111011111111101111111111011100011100100
1111100011111110001111000000111110000011111000001111100000011110000001111100000111110000011111001100
0000000000000000000000011000001011010000000101111111111111111111111111111111111111111111111111100001
1111100001111110001110000000111010000001110000001111000000111110000011111011111111111111111111111111
1111111111111110111101110001110111000011111000001111100000111110000011111000001111100000110000001001
1111111111111110111101110001110111000011111000001111100000111110000011111000001111100000110000001001
0000001111000000111100010001110000000011000000001110000001111000000111100000001111100000111111100111
0000001111000000111100010001110000000011000000001110000001111000000111100000001111100000111111100111
1111100000111110000011011000001111100000111110000011111000001111100000111110000011011000001111100000
0000000000000000000000100000001110000011100000011111110001111111100111111111111111111111111111110001
0001000101000000001100010011110001111111000111011100011011111001111111100011111110000111111111111111
0001000000111110101111111100011110110101011010010111111000110010010000001010000001100010000111000011
0001000101000000001100010011110001111111000111011100011011111001111111100011111110000111111111111111
1111100111100110011111011100111110000001111100000110001000010100000001100000000110000110011111011101
0011111100011111110001111111000111111100011111010000011101000000111100000001110000000101111111100111
1111100011111110001111000000111110000011111000001111100000011110000001111100000111110000011111001100
1111111111111001111100000001111000000111110000011111000001111100001111111110111111111011111111101111
1111100111100110011111011100111110000001111100000110001000010100000001100000000110000110011111011101
0000000000000000000000011011000001111011001100001111111111111111011111111101111111111011100011100100
1111000111111100011111110001111100000111110000011111000001111100000111110011011111011111111111111111
1111111111111100011101110010111111000011111000001111100000111111000011111001001111000000010011001001
1001100011110010001111010000011100000101110000010111001000111110100011111010000110001000011111100001
1111001111111100111110010001111101000101100000011111111001111111001111111100111111101011111110101111
1111100111100110011111011100111110000001111100000110001000010100000001100000000110000110011111011101
0100111000000011100000111110000011111110001111010000001100000010110000001011111101101111111100111111
1111111111111100011101110010111111000011111000001111100000111111000011111001001111000000010011001001
1100000111100000011111000001111111001111111001111111011011111111001111111010111111111111111000001111
1110100000111110000011111100001111110000111111000000111111000011111100000011110010000011001000001100
0001000101000000001100010011110001111111000111011100011011111001111111100011111110000111111111111111
1110100000110010000011111001111111100111111110011111111101111111110111111111011111110001111111000000
0110010101111111110110001101011110010101100001010111100101011000010101111001010110000101011110010101
1000000000100100000010010000001100100001110010000111100000111110001111111000000111100000001110000000
1100111000110011100011001110001101111000111111000011111100001111110000110011100011000110001110111110
1110100000111110000011111100001111110000111111000000111111000011111100000011110010000011001000001100
1110100000111110000011111100001111110000111111000000111111000011111100000011110010000011001000001100
1111110011111110001111110000111100000011100000001111100000001110000011111001011111111111111111111111
0111100000011111000001111110000111111000011111100000111110001011110000110001000011000100001111000111
1101111111100011110010001111001000011100001001110010000111101110011110111001111011000111001000011000
0000000000000000000000011011000001111011001100001111111111111111011111111101111111111011100011100100
1111111111110011111111000011111100000111110000011111000001111100000111110000001111000001111110011011
1111111111110011111111000011111100000111110000011111000001111100000111110000001111000001111110011011
0111100000011111000001111110000111111000011111100000111110001011110000110001000011000100001111000111
0100111000000011100000111110000011111110001111010000001100000010110000001011111101101111111100111111
1111111111111110111101110001110111000011111000001111100000111110000011111000001111100000110000001001
1111000111111100011111100001111111000111100100001111110000111111000011111100110111111011110000000100
1111000111111000011111100000111010000011110010000111100000011111000011111111001111111000111111100001
1110000111101000000111100000111110000011111000001110010000111111111111101000001111100000011111001111
1010110101101011010110101101011110110101101011010111101101011010110101111011010110101101011010110101
1111111111110011111111000011111100000111110000011111000001111100000111110000001111000001111110011011
0011111100011111110001111111000111111100011111010000011101000000111100000001110000000101111111100111
1111001111111100011111100001111110000011111000001111100000111110000111111000011111100000111110000111
0001000000111110101111111100011110110101011010010111111000110010010000001010000001100010000111000011
1111111111111100011101110010111111000011111000001111100000111111000011111001001111000000010011001001
0100111000000011100000111110000011111110001111010000001100000010110000001011111101101111111100111111
1000000011100000010110000011111010111111111111000101111100011111110001111110000111111000111111001011
0110000000011110000001111100000111110000111111000011111100001111110000111111000011111100001111110000
1111000111111100001111110000111111000011111100001111100000111110000111111000011111100001111110000111
1111100011111110001111000000111110000011111000001111100000011110000001111100000111110000011111001100
1111000111111100011111100001111110000111111100001111101000011100100011110000011111010101111100110111
0111100000011111000001111110000111111000011111100000111110001011110000110001000011000100001111000111
0001000000111110101111111100011110110101011010010111111000110010010000001010000001100010000111000011
1100111111110001111111010001111101000111110100011110010011111001000111100100111110010011111001001101
1111111111111111110011111111001111111000111111110011111111001111111100111111100011111110001111111111
0011111100011111110001111111000111111100011111010000011101000000111100000001110000000101111111100111
1101111101100111100010000110001000011000100011100011101110001111111000111111000011010110001001011111
0011000110111100011111110001111111011111111101111111100101111111110110110111011001100001100000000000
0000000000000000000000100000001110000011100000011111110001111111100111111111111111111111111111110001
1001100011110010001111010000011100000101110000010111001000111110100011111010000110001000011111100001
1110011111000000011111000001111110000110110000000011000000001110000001110001001110001111111111111111
0010011111000000111111000010001110000010111000001011000000001100000001100111101110111111111111111111
0010011001000001001110001111101111011110111101100011110010001110110001111011001111111111111111111110
0000011001000001101110001100001111111110111101011011110100001111010001111111001111111111111111111111
