1111111111111110011111110000111110000001110000000111100000011110000011111000001111100000111110010111
1111111100111100111011100011101110000110111000011011100001101111001000111100111111010000001101100000
1111001100111100111011100001101110000110111000011111100001101110001000111010111111000011111011110000
1111001110111100111111100011111110000111110000011111100001111110001100111100111111100011111001100100
1111001110111100111011100001111110000111111100011111110001111111000001111100111111010011011101000000
1111101110111100111111110001111111000011111000011111100001111110000011111100111111100011111010001001
1111001111111000111111100011111110000111110000011111100001111110000110111010011011101101111110110111
1111101111111100011111110001111110000111111000000011100000001110000000111000000011111011101111001110
1111111111111100011111110001111111000111111000011111000000001110000000111000000011110111001111010110
1111011111111001111111100011111111001111111100111111100000001110000000111000000011110011001111001110
1111101111111100011111100001111110000111111000011111100001001111000000111100000011111111101111101111
1111101111111100011111110000111110000001111000011011000001001000000010111100101011111111001111011110
1111001111111000111111100001111110000111111000011111100000001110000000111100000011111111101111011111
0111101111011101111101111111110111111111011000011100000001100000000000000000000011110001001001111000
0111101111011101111101111111110111111111011000011100000001100000000000001000000011110011001000110110
1111100111111000011111100000111110000111111000011101000000101110010010111001001111110110111111111110
1111111111111000111111100000001110000000110000011111000001101110000000000000011100000001111111011111
1111011111111000111111000010101100000000110000000011000001111110000011101000000010000000010010000111
1111011111111001111111100011101110000000111000111111100001111110000100000000111100000001111111010011
1111111111111100011111100001101110000000111000011111100001111110000000100000011100000000111111111111
1111111111111101011111100001101110000000110000001110000000111100000011110000000111000000110000000111
1111111111111001111111100011101110000000111000111111100011111110000000000000011100000010111111010111
1111111111111100011011110001101110000000111100011111100000111110000000000000011100000000111111111111
1111011111111000110111100000001100000000110000000011100001111010000111101000000000100000110011111111
1111101111111100111111100011001111000000111100011111100001101110000000000000111100000001111111010111
1111111111111101111111100100111100000011100000000011100000111110000011111000000111100000011111011001
1111111111111001111111100011111100000111110000000111100000101110000010111000001111000000111111000011
1111011111111001111111100001111100000011110000000011000000101100000011110000001111000000011110011001
1111011111111101111111100001111100000011110000001011000000011100000001111000001111000000111100100111
1111011111111000111111100001111100000111111000000011100000001111000110111100001111110000111111000111
1111011111111000111111000000111100000001111000000111100000111110000011111100111111110011111111011111
1111001111111000111111100011111110000011111000000111100001111110000011111000001111110000111111000111
1110111111111010111111000011111100000011110000000111000001111100000111111000011111101011111111010111
1111101111111001011111100001111111000011111000001111100000111110000011111010011111001011111101101111
1110011111111001111111000011111110000011111000000111100001111110000111111000011111110011111111001111
1111101111011100011111110000111110000011111000001111100001111110000100111100001111110011111111001111
1111111111011100111111110001111100000111111000011111100001111110001100111100011111110001111111010111
0111101111101100011111100001111110000111111000011111100001111110000110111111001111111110111110111011
1111101111011110011111110001011111000111111100011111110001111111000110111110010111111001111111000111
1111111111011100111111100001111110000111111000011111100001111110000110111110111111111011111111011111
1111001111101100111111100001111110000111111000011111100001111111000110111110010111111000111111010111
1111101111011100011111110001111110000111111000011111100001111110000111111100010111111011111111101111
1111101111011100011111100001111110000111111000011111100001111110000110111100010111111011111111001111
1111101111111100111111100001111110000111111000001111100000111110000011111110010111111011111111101111
1111001111111000111111100001111100000111111000011111100001111111000111111100111111110011111111001111
1111001111111100011111100000011110000011111000001111100001111110000111111000011111101011111111001111
1111011111110000011111000000111110000011111000001111100001111110000111111101011111110111111111011011
1111001111111100111111100001111100000111111000001111100001111110000111111000111111111011111111101111
1111101111111100011111100001111110000111111000011111100001111110000111111100011111111101111111000011
1111101111111100111111100001111110000011111100001111100000111110000011111100011111111011111111101111
1111101111111100011111110001111111000111111100001111100001111110000111111000011111101011111110001111
1111001111111100111111100001111100000111111000011111110001111111000111111100111011111011111111001111
0111001111011100111111100001111110000111111100011111110001111111000111111100010011111011111111001111
1111111111011100111111110001111110000111111000011111100001111110000111111100010111110001111111001111
1111011111111100111111100001111110000111111000011111100001111110000111111100011111110101111111010111
1111101111111100111111100001111110000111111000011111110001111111000111111100111111110011111111101111
1111001111111000111111100011111110000111111000011111100001111110000111111000111011110011101111111110
1111001111111100011111100001111110000111111000011111100001111110000111111000011111110011111111111111
1111101111111100111111100001111110001111110000111111000011111100001111110000111111110101111111110111
1111111111111100111111110001111110000011110000001011100001001000000100110000000011100000001110000000
1111111111111110011111110001111111000011111100000011100000001100000100111000010000000000110000010110
1111111111111100111111110011111110000011111000011011000010001100000000111000010000000000110000011011
1111111111111110011111111001111111000111111111011101100000001100000100111000011000000000010000001010
1111111111111100011111110011111100011111111111000111111000011101110000111110000000000001000001110010
1111111111111100111111110011111111011111111110110111100100011100010000111001100000000001100000111001
1111111111111100111111100011111100011111111011001011011100001101011000110010100011101000000000000011
1111111111111110011111111000111111011011111101101111110110100001100000111011000000000010000001110010
1111111111111110111111110111111111111111111100011011100000001100000000111000010100000010110001011111
1111000111111000000111000000011100000001100010000010011001111001100011000111001101111111111111111111
1111100011111100000011110000001110000001111000100011100110011100011001000001110101111111111111111111
1110000011110000000111100000010000000001000000001100000111111110111111111111111111111111111111111111
1111101111110000010111000000111100000000110000000011100100001100011000000001100100001111111110111111
1111000110111000001011100000001100000010110000000011001101011100100011000010011100111111111001111111
1111111111111111111111110011111110101111111010110111100000011100000000111000000000000001000000111010
1111000111111100001111110000101110000000111001000011100100101100010011000011001100111101111010110111
1111100000111100100011110001001111000000111100010011100001001110000100000000000000010111100011110000
1111101000111100100011110011100011000110111100111011100010101110001010000000100000000011110000111000
1111011000111100101011100010100110000110111000011011100001101110000000000010000000001011110001111100
0111001100011100111011110111101000111110111111111000011111000001111000000011100000000000000000000000
0011001111000100111101111001110110111111111111111100011110000011110000000101100000000000000000000000
1111011100011100110011110011100000101100111111110000011101000000111100000011000000000000000000000000
1111101111111100111111110001111100000111100000011110000001111110000111111000011111110000111110000000
1111101111111100111111100001111100000111000000011110000001111111000011111100011111110011111111000000
1111011111111100111111100011111110000111000000011100000001111110000111111000011111110001111111000000
1111001111111100111111110001111110001111111000011111000001111111000110111100011111110000011111000111
1111101111111100011111110001111111000011111100001111100001111111000101111100011111100111101110101110
1111101111111100011111110001111110000111111000011111100001111110000110111100011111111011011111101111
1111101110001110111011110011111110000111111100011111110000100010000000000000000000000001110001110000
1111101110111100111110010011111110001111111100011111110001110000000000000000000000000000010000000000
1111001111110000111111000011111110001111111000011111100001110000000000000000000000000000000000001100
1111001111111100011111110001110011000011000100011100010001111111000111111100011111110000111111000000
1111001111111100011111100001110000000111000000011110010001111111000111111000011111100001111111000000
1111100111111110011111110000110111000011010000001100000000111111000111111100001111110000111111000010
1111111111111100111111100001111110000111000000001100000000000100000000111010111000000011110000000000
1111101111111100111111100001110000000111000000011100000000111011000011000000001100000000010000000000
1111101111111110011111110001111111000111000010011100000001101110000100011000011100000000101000000000
1111011111111001111101100011111110000111111000110011100000001110000000111000100011011010001111101000
1111001111111000011101100000110110000111110000011111100001100100000010110000001011111011111111100111
1111001111111000111100100001110110000111111000011101100001100100000110111100011011111110100111111010
1111111111110101111110001111111000011011100001001110000100110000000001111110000111111100011111111111
1111011111111100111111110001110110001111000000111100000011111000000111001101011100000000110000000000
1111001111111100111111100001111101000111000000011100000001100110000110011001011100000000000000000000
1111011111111000111111000011111100000111110010011101000101111100000000100000000010000000010000000001
1111111111111110111110111001111111100011111100011100110001110011000110000000011000000001010000000000
1111111111111111011100111001111111100011011111001101111000010011100000000110000000000101010000000000
1111111111111110111100110001111111000111011110001101111000110011100000000000001000000011000000000100
1111101111011100011111110001111111110011111110001111111000111111000001001100000100000000100000000000
1111111111111100111100110001111110000111011100011101110000110011000011000000011100000011110000000100
1111111111111100111110110001111111001111111000111100100011110000000111000000011100000101110000010111
1111111111111100111100100011111110000111011000011101100010110000001111000000111100000011110000001111
1111111111011100011101110001111100000011111100001101110000110010000111000000001100000000110000001111
1111111111011100111111100001111111000111111000111111100011111110001101000000111100000001100000000000
1111111111111111111110110001111111000111110100011110000001110000000111000000001100000110100000011110
1111111111111110011101110001111111000011111110001111110000111111000000011100000000000100000000011000
1111111111111110111101111001111111000011111100011111100001111110000110010000000000000000100011101000
1111100111111100011111110001111111000011111111001111111000111111100100011110000000000000100000000110
1111111111101100011110110001111111100111011110011101110000110011000011000000011000000001100000000110
1111111111111110011100110001111111100011011000001101000000110000000010000010001000000011010001101100
1111111111111110011100110001111111000111011110001101111000110111000000001000001000000011000000000000
1111100111011100011111110001111111110011111110011111111001111110110100001000001100000000100000000000
1111111111111110011101111000111111000011111100011101110000111111000010000000000000000001010000000000
1111111111111111111110000001111100010111111111011111011111011001110101000100011100000000000001000000
1111011111000000111100000011111101111111101111101110111101111011111111011111111100111111110000000000
1111111111111110111110000011111100111111111111011110011110001001111000000111110000000100000000100000
1111111111101110111100010001111111111111101111011110111100000011100000000111110000010000000001000000
1111111111111110111110000011111110000111111000111111000001111100000111000000011100001000000011011000
0111111111001100111111100001111110000011111000111100111001111110000111010000011100000000110001000010
1111111111011101111101100001111110000111111100011101110000110110000011011000001100000000110011000100
1111111111111111111110000011111110000111111000111110000001111110001111000000011100000001000011010000
1111111111111111011111001001111111000011111110011111010001111001100111000100011000001101100000000100
1111111111101100111110000011111111000111101100111110101011110110000011001000100100010111000001000000
1111111111101101111110000011111100000111111110111110000011111000001111001000000100001101000000000000
1011011111000000111110000001111111110111111111011110011101111001110111000101110000000001110000000000
1111111111110110111110000001111111100111110110011111011001111011100101000101010000001101100000000000
1111111111100110111110000000111000001101000000101110000010011100111011100011000000000000001111111111
1111101111111000011111000000111111000011111000001111110001111111001111111100110111100011111110011111
1111111111111100111111100001111110000111111000011111100001111111001111111100111111110011111111111111
1111011111111000111111000011110000001111000000011100000001011110000101111100111111110111111111111101
1111111111111100111111100001111110000111111000111111100011111111001111111100111111110011111111111111
1111111111111000111111100010001100000000100000000010000000001000000010110000001111000001111100100111
1111101111111100001111110000111111000001111000000011000000001001100001101111000111111111111111111111
1111001111111100111111100001111110000111111000011111100001111110000111111100111111110011101111111110
1110011111111001111111000011111100001111110000111111000011111000000001111000001111001010011111101111
1111001111111100011111100001111100000111111000011111100001111110000111111100111111110011111111111111
1111111111111100111111100001011100001001110000000011000000001100101000111000011011100000101100000111
1111111111110100111111000001111111000111110000011111000001111000000111000000011000000000000000101000
1111111111111101111111101011111110000111110111011111011101111100000111110000000011100000001000000000
1111111111111000111111110001111111000111111100011111110001111111001000111100101100000000010001111011
1111111111111100111111110001111111000111111011011111100001111010000100111000010100000000010000111111
1111111111111010111111110001111111100011111100011111110001111110000000111001001100000000010001111011
1111111111111110011111110001111111111111111111111111110011111000000100110000000100000000000000111101
1111111111111100111111110111111111111111111111111110100001101011000000110000001100000000000000111111
1111001111111100111111100111111110111111111111111111111111011110000101110000000011000000000000000000
1111111110111100011111110101111111111111111111111110100111110000000000100000001100000000000011111111
1111111111111100111111110101111110111111110111111111111110111111111001010000000011100000001000000000
1111111111111100111111110001111111111111111111111111100000101000000000110010001100000000010011111011
1111111111111100111111110001111110111111111111111110100001111000000100111000010100000000000001111111
1111011111111100111111111001111111111111111111111110100111111000000100110010010100000000000001111101
1111111111111100111111110011111110000111111000111011000000001100000000110000110000000000110000001100
1110001111111000111111000001111100000111010000001101000000110100000011110000001111000000111110000111
1111111111111010111111000011111100000111100000001110000000111000000011110000011111000001111100100111
1111111111111101011111100000111100000011100000000111000000011110000011110000001111000000111100100111
1111111111111110011111110001110110000011011000000111000000111100000011110000001111100001111110000111
1111111111111000111111110001111110000111111000011111100001111110000111110000011111110000100001000100
1111111111111100111111100011111100000011110000001111100001111110000111111000001111000000111000001101
1111111111111111111111110011111111000011111100011111100000111110000011011000001111000000010000000001
1111111111111110111111110001111110000011111000001111100000011110000001111000000100000000010000001101
1111111111111111111111110001111110000011111100001111110000010010000001110000000100000011000000111111
1111111111111110111111110001111111000111111100011111110000010001000001000100000100000000000000000001
1111111111111110011111110001111111000111111000011111100000110001000011000000000100000000010000000001
1111111111111100011111110001111110001111110000101100000000010000000001000000010100000001010000111111
1111001111111000011111100011111100101111110010011111001001111100000011100000001100000000010000000001
1111111111111100011111110000111111011011111111100111111110001110011000011001100000000001000000000000
1111111111111110111111110001111111000011111100011111100001010110000111000000001010000000000001001110
1111111111111110111111110011111110000111111000011111100001010110000111111000000100000000000001000100
1111001111111000111111100001111000000111110000001111100000011100000001110000001100000000010000000001
1111111111111110111111110001111111000011111000001111100001010010000111110000000100000100010000111111
1111111111111111111110110011111111000111111100011101100001110110000111000000011100000001100000011010
1111011111111000111111000001111100000111010000011100000000110000000011110000011111111001111101101111
1111011111111000111111000011110100000111000000011101000000111100000011111100001111111111111111111111
1110001111111000111111000001111100000111010000001101000000110100000011110000001111000000111110000111
1111011111111000111111000011110000001111000000011100000001011110000101111100111111110111111111111101
1111111111111110111111110001111111000011111000011111100000111100000011100010001100000000111000000001
1111111111111100011111100001111110000011111100001111110000011110000011000000001100000000111110000011
1111111111111101111111100011111110000111111000011111100000011110000001100001000100000000010100000000
1111111111111110111111110101111110000011110000001111100000011110000001000000000100001000010000100010
1111111111111110111111110001111110000111111000011111100001011100000101000010010100000000001000000001
1111111111111000111111101011111100000011110000001111000000111100000100100000010010000001110000000100
1111111111111111111111110011111110000111111100001111110000111110000011100010001100000000011100000001
1111111111111111111111110011111110000111111000001111100000011100000011100000001100000000011100000011
1111111111111110111111110001111111000111111000011111100000011110000101110001010100000000000100010001
1111111111111101111111100111111100000011110000000111000000111110000001110000000100001000110100100001
1111111111111111111111110001111111000011111100001111110000011110000011100001001100000000011110010001
1111111111111111111111110001111111000111111000001111100000111111000011100100001100000000011111000011
1111111111111111011111111000111111000001111100001111110000011110000001110100000100000000001111100001
1111111111111101111111100101111100000011100000000111000000011110000011110000001111000001111100100111
1111111111111111011110000001110000000001110000000011100000001110000001111000000111000001111000110011
1111111111111110011111110001110110000011011000000111000000111100000011110000001111100001111110000111
1100011111100000111110000001111100000011110001000111000100111110010011111001111011111111111111111111
1111011111111001111111111111110100000111011000011101100000111111000011111100011111110010111111111111
1111011111111001111111101111111110000111011000011101100001111110000111111000011111101000111111111111
1111100111111000001101100000111100000011110000001111001001111101100111110110011111111111111111111111
1111011111111001111111001110110000001111000000111101100011111111001111111100111111110011011111111111
1111111111111001111111001111111100011111001000111100100001111110000011111001001111101101111111111111
1111001111111100111111100001110110000011001000010000100001000110000111001110011111111001111111101111
1111011111111000111111100001111100000010000000010000100001000010000111001101001111110110111111011011
1111011111111100111111100001111110000111000000011000100011000010001111001101011111110101111110010111
1111011111111000111111100001111100000011110000001110000000111100000000110000000011100100011110011001
1111011111111000111111100001111100000110000000000001000000000110010111011011001111101100111111111111
1111011111111001111111100011111110000110001000000001100000000110010011011011001111101110111111111111
1111111111111000111111100001111100000111110000000101100000001111010011111101001111110110111111111011
1111111111111010111111100001111110000011110000001111000000011110000000111000000111100110011110011100
1111101111111110011111110001111110000111001000000001100000000110000111111011011111001101111101111111
1111111111111100011111100001111110000111011001011100000001111100001111111000111111100011111111011111
1111111111111100011111100001111100000111110011101111111110000111011000000111100000000001101000100110
1111111111110001111111000111111000111111100010111110001001111001111111100111111110000001110100000111
1111111111111110111111100000111100000001100000001110000000111000000011110000001111001001111001100111
1111111111111100011111100000111110000111111000011101100001111110000111111010011111101101111110110111
1111111111111110011111110001111110000011111000000111000000111100000001110000001100000000111000100111
1111111111111000111111100001111110000011110011001111101100111111000011001100000100010000010000001001
1111111111111100111111100001111110000111011100000100010000011111000011111100011111110001111111001111
1111111111111100011111111001111111000011111000001111100000011110000001111000000101000001010000000111
1111101111101101011111110111111111111011111011001110111110110001101110000111111000000001100000000000
1111001111100001011111000001111111000111110010011111100000111000100011100110000110000000111000000001
1111001111111000111111100011111110101111111110011111111100111110110011000000001100000000000000000000
1111101111111110011111110000111111000011111000011111100001111110000111110000011111100000111100000110
1111011111111010111111000001111100000011100000001111000000111100000111110000001111100000111100000110
1111001111111000111111000011111100000111111000011111100000111110000011111000001111100000110110000000
1111110001111111000111111110010001111101000111110000001111000001111100000111110000001000000000100000
1111111010111110101011110110101111111000101111110010011111001001111100100111110010001000001000000000
1110000001111000000111101000011110110001110011000110000100001100000000111000000011111011001111111111
1111111010111001111011101110101111111110101111111010111111001011111100101100100010000000001000000000
1111101111111010000111100110011110111101111111110100011110011111111001000111100100000000010000000001
1100000100111000010011010110001111111010111111111001111111000111111100011111110001000001000100000100
1111111111111100111111110011111111000011111000001111100001111111000111111100111111111011111111101111
1111111111111100111111100011111110000111111000001111100001111110000111111100111111110011110111011111
1111111111111001111111100011111100000001110000010110000001111100000111110000011111000011111110011111
1111111111111101111111100011111110000011111000011111100001111110000111111101011111110101110111011111
1111111111111110011111110001111111000011111100001111100000111111000011111110011111111101110011100111
1111111111111110111111110011111100000111111000011111100001111110000111111000011111110101111111011111
1111111111111111111111110011111110000011111000011111100001111110000111111000011111111011111111001111
1111111111111100111111100011111110000111110000001111000001111100000111110000011111000001111111001111
1111111111111110011111111001111111000011111100011111110001111111000011111100011111111100111100000111
1111111111111110011111110001111111000011111000001111100001111110000011111000001111100000111111000011
1100000111110000011111000001111100000111111000011111100001111110000111111001011110110001111111111111
1111000011111000000111100000011100000001110001001111001100111100110011111011001101011011111111111111
1111111111111111111111111011111111001111111000011111110001111110000111111000111111000001110000001111
1111111111111110111111111001111111000111111100011111100001111110000111111000011111010001111000000111
1100001111110000111111001111111100011111100000011110000011111000001111100000011111000011001001101001
1000001111110100111111011111111000001111100000011110000001111000001111000000111111000011011001011111
1000001111110001111111111111111101111111100000111110000011111000000111100000011111000011100001000001
1111001101111000011111100001101110000011111000001111100000101110010110111011011011101101101111111111
1110011111110000111111000011111100000011110000001111000000111100000011111000001111101110011100111101
1111110101111110011111110000001111000011111100011111110001111110100110111010011111101001111111111111
1111001110111000111111100001111110000011111000011111000001111111000111111101001111110110111111111111
1111111110111000011111100001111110001111100000000111000000011110000001111000001111110000011111001001
1111101111111100011111110000111110000011111100011111110001111111000111111101011111110100111111111111
1111001111111100011111100011111110000011111000011111000001111100001111110000111111100011011110011111
1111111111111010001111001010001110000011111000001111000000111100000011110000000111100000011110011000
1111011111111001111111100011111110000111111000011111100001111110000011111001011111110100101111011011
1111001111111100011111100001111111000111111100011111110001111111001111111100111111110011111111000111
1111001111111100011111100000111111000111111100011111110001111111001111111100111111110011111111001110
1111001111111100011111110001111110000111111100011111110001111111001111111100011111110001111111000111
1111111111111100111111100001111110000011111000011100010001110001000111001110011100111001110111100111
1111111111111000111111000000111100000001110000000111000000111100000011110000001111100000011111000001
1111111111111100011111100000111100000011110000000111000000111110000011010000011100000001110010010011
1111101111111100011111100001110111010011011101001100100101110000000011000001001100101101110000110011
1111111111111000111111000001111100000011010101101100010110110001011101000101111100000100110000010001
1111101111111110011111111101110011011011001101111100001111110000000011000000001100010010110000001001
1111111111111100011111110000111110000011111000001100100000110000000011000001101110010110111111011111
1111111111111010111111101000111100000001100000000110000001111100000011110000001111000000111111010011
1111111111111100111111100011111110000011111000001111100000111110000011111000001111100000110110010011
1111111111111010111111001000111000000001000000001101000001111100000011110000001111000000111110010011
1111111111111100011111100000111110000011111100001111110000100001000011001101001101110111111111111111
1110001000111001000011101110001110111000110011100011000000001100000000111100000011110111101111111111
1111111111111111111111110001111110000111111000011110100001111110000111011100000000110000001111111000
1111111111111100111111100001111100000111111000011110000001111100000111111101010000110100000011111100
1111111111111111111111110110111110000011110000000111000000011000000001110000000111000000001110000000
1111111111111100111111100101111100000111100000001110000000111100000011110000001111000000111100000100
1111111111111110111111110001111111000011111000011101100001111110000111011000000001110000000111111000
1111111111111100111111100001111110000111110000011111000001111100000111110000011111000000001110000000
1111111111111101111111100011111100000011110000011110000001111000000111111000000000100100000011101000
1111111111111101111111100100111100000001110000000111000001111100000011110000001111000000111100000000
1111111111111100011111110001111111000011111000001101100001110110000111011000000001100000000111000000
1111111111111100011111110001111110000011111000011101100001111110000111111000000001110000001111110000
1111111111111101111111100011111100000111110000011110000001111000000111101000010010100100000011101000
1111111111111001111111000001111000000001100000000111000001111100000111100000011111000001001110001000
1111111111111100111111100001111110000011111000001110000001111011000111101100000000110000000011011000
1111111111111100011111110101111111000011111000001111100000111110000011110000001111100001001110000000
1111111111111100111111100011111100000011110000000111000000011100000111110000011111000001111100000000
1111111111111100111111100011111100000111110000001110000000111000000111100000011111000001111100000000
1111111111111001111111000111111101110111110011011110000011111000000111100000010000000100000000101000
1111111111111100011111110001111110100011111001011111000110010100111001010011101101000000101100100000
1111111111111100111111100001111110001011111011100111000110011100001011110000001111000000001100100000
1111111111111100011111100101111100001011110011100011001111001000001101000001101100000000111110000010
1111111111111110011111110000111110000000111000000011100000101110000010110000001011000001111100100111
1111101111111100111111100000011110000000111000010011100000001110000110110010011111001001111111111111
1111111111111010111111001000111000000001000000001101000001111100000011110000001111000000111100010011
