1111011111111101111111100011111110001111111000011111100001111110000011111000000011100000000100000000
1111111111111110111111111001111111100111111110001111110000111111000000111100000001100000001100000000
1100011100110000110011000011101111101110111111111011101110101110111010000001111000001111100000110110
1100001111110110111110001011111000101111100011111110001011111000110011110011110111000111101100011100
1000001111101000011111101100111001000001100100010010010000101111000000111100000011111111001111111111
1100001111110000011111000000111100000011110000000111110001011111111110111111111011100011111111001011
0010000011101000001111000001111000001111110000111110000001111100000111110000101111000000111100110011
1111101111111001011111000000011100000001110000000101000000010000001011000001100011101100011100000011
1110010001111100000111000000001000000001100000011110000011111100000111111000011111100000111100010011
0000001111100000111111000001111000000111100000001111000000111111000001111110000011110000001111000100
1110000111100000011110000001111000000111100000001110100010011111111101111111111001110011111111000011
1110000111111000011110000001111100000111111000011111100001111111111111111001110011000011101101000110
1000001111100000011100001001111000001111100000111110000011111000001111110000111111000011111001000111
1000011111100001111100000111110000011111000001111100000111110000011111000001111100000111110000011111
0001111111000011111100001111110000011111000001111110000111111100111111111101111110001111111000011111
0111011111001001111101111011000011101100001110110000011110001001010000000100000010010100001001010001
1000000000100011000010011100001101100000100100011010100001111010001111111100111011100111101000000000
0010010011000101100100011111010000001101000000110100000011010010000011000000111100010101110000010111
0001100111000100011100010001110001111111000000110000010011110001011111000100111100000001110000110111
0011111111001100111100010011110000000111000000011100000010110000001111000000011100000001110001110111
0001111111000110011100010001110001100111000101110101110011100011000111000100011100000001110000110011
0001111111000100111100010001110111000111110000001100001010010000001100000000111000000010010000001111
0001111111000100111100010001110000000111000010011100000010111100011101000000011100000011110011101111
0101111111000100111100000011110000000111000000000101000011010000001011000000111100010001110001110111
0101111111000000111100000011110000000111000000011100000001110000000111000000011100011001110001110111
0000111111000001111100000011110000011111000000111100001011110000111111000011111100001111110000001111
0011111111000000111101010001110010000111000000111100000001110000000111000000011100000001110001110011
0001111111000010111100000001110000001111000000111100000111110000011111000001111100001111110000001111
0000111111000001111100000111110000011111000001111100000101110000101111000010111100000111110000000111
0000111111000001111100000011110000011111000000111100001011110000111111000011011100000111110000000111
0011111111001101111100000011110010001111000000011100000000110010001101001000011100100001110000000111
0011111111001000111100100011110010000111000000011100000001110000000111001000111100100001110000010011
0001111111000100111100010011110001000111000000001100000011000000000001000000111100000011110001101111
0011111111001110011100110001110011000111000000001100000010110000000011001000011100110000110010010011
0011111111001000111100100011110010000111001000001100100011010000001101001000001100100011110000100111
0011111111001100111100100011110011000111001000001100100011010000001101000000011100000011110000001111
0000000011000001011100011111110011111000001111001100111000110111001111111110111101111111110000011111
0000001111011111111101100111111100011111100001111000010011110001001111000100111100010011110001000110
0011111111001110011100111001110001001111000100110100000011100001000111000100111100010000110000010011
0000111111000000111100001001110000100111000010111100001011110000110111000011011100001111110000000111
0001111111000000111100000011110000011111000000111100000111110000111111000011111100000001110000000011
0001111111000100111100011011110011101111000111111100000101110000011111000001011100000000010000001000
0001111111000011111100000011110001101111001110111100111001110010100011000000001101100000000100000000
0001111111100110011110001001110000110111000011011100111001110100100011010000001111000000000000000000
0011111111000110111100001001110001110111000111011100111001110010100011000000001101000000000000000000
0011111111001000111101100001110111000111001100011100000000110000000011000100011100111001110011110111
0101101111000100011100011001110001110011010111001100011000110001100011000100001100011100110011110011
0000111111000000111100001011110001001111000000111100000111110000011111000001111100000011110001000111
0000000111000111111100100110000010111000011011111100100111110011100111001100011100110001110011100111
0110000011001100011100010000010001001001000000011100100111110001000111001000001101111000110111110001
0011111011001110011100111111110111111111011111110101001111110100111110000011010000000010000000000000
0000111001000111110100111111110011111110011011110001001110100001111011001111100000011100000000000000
1111110000111111110011111111101100011110010111110000000010001110010000010010000011110000001110000000
1111111111111001111111000000111100000011110000001110000000111010000011111000001111100000111111111111
1111111111111110011111000001111100000011110000001111000000011100000001100000011110000001111111111111
1111111111110011100010000001001000000111100000011111000000011010000001110000000110000000011111111111
0000100000000111000000011111110011111110001011110001101010000100111100000100010000010111100000000000
0000000000000111000000111110000010111000011111111010111111111011111111111111111111111111111011111111
0000000001000011100000111111000011111100001111110000001001100010110110001011000000101110000000000000
0011000001011110000001111110000111111000011111100001111111110011111100001111110000111111000000010100
1111111111111100011111100001111000000111000000011100000000110000000001000000000000000000000000000000
1111111111111111111100000111110000011111000011111100000111110000011111000001111111111111111111111111
1111111111000001111100000111110000011111000001111100000111110000011111000001111100000111111111111111
1111111110111111110011000001001100000111110000110001000000000100000011000000001110000000111111111011
1111111111111111111111000001111110000111111000011111000000111100000011110000001111000000111111111111
1111011111111100000011100000001110000000110000000011000000001100000000110000000010000000001000000000
1111111111111111111110000111110000011111100001111100000111110000011111000001111111000111111111111111
1110000000111000001011010100110001110011000011001100010100111010010111000100111111111011111111111111
0000000000000010000000001110000001011000000101100010011111011001111001111111111111111111111111111111
1100000000110011001010001110110000110010000001001100001111111001101111100100111111011011111111111111
0110011100010001110001011111000101111100011111110000111111000001111000000111110000111111000011101100
1100000000110111101000001110110000110010000011001000001111100001101111000100111111010011111111111111
0000000000000000000010001011000001100000001111100001111110000011110000111111111111111111111111111111
0000000011000000001100011000000001111000000011000000001100111111111111111111111111111111111111111111
1000000000110000100011011111101001111110000111110000011111100001001110000100111111011011111111111111
1000000000110000110011011111000000111100000011110000001111001000111110110001111111110111111111111111
1000000000110010000011001011101001111110000110111000011111101001011110100100111111111011111111111111
1111101111011100000100001100000000100000001111000000011111000011110011111111100010001110000001111111
1111001111111100000011100000001000001000000000110011000001000110011001111000001111100000111111101111
1101111111101000010010100011001100100000110010000010000000000000010000000101111111111111111111111110
1101111111101000010010100011001100110000110011000010000000000001010000000101111111111111111111111110
1110010001111010000011111000000000100001000010000110000000011100010000111011000011101110111111111111
1111111111011000101100001000000001100001000110000100011110000001110000111110000110011000111011110011
0111111111001110110000001000000000000000000111110000111101100011111110111011000000101100010001110011
1111111011111111001111111111111111111111111111000100110000010010000011000000000100000000011110001111
1111111111110001111111000011111000000111100000000111110000011110000011100000001111000000111111111111
1111111111100001111110000011111000000011000010001100110000111010000001000000001111110011111111111111
1111111111111111111111111111111111111111111111001111110000011100000011100000000110000000011100111111
1110000000011111000000111110100111111110111111111000111101100011000110000110000000011000010000000011
1111001111110000111111000001111100000011110000001111000000011100010001110001100111000111111110111111
1111101111111000011111100000111100000011110000000110000000111000000011100010001111011001111111111111
1111111110100001100010001111000000111111000011111100001111110000110011000011011100011111110001111111
1111011111110000111111000001111000000011100000001110000000011100011001110001110011000111111110011111
1110001111111000011111110001111111000011111100000111110000001110000000111100010011110001111111100111
0110010000001111100001111110101111111100011111111000111101100011000010001100000000110000000000000000
1111010011111111111111110000001100010000111111100011111110001111111100111111110011111110000000000000
1111111111111111111111111111101111100011000000001100010001110001000101000100010100010001110001011111
1111111111111111111111111111101100000111110000001111000000111100000001110000001111000011111111111111
1111111111111111111111111111111110000011110000001111000000111100000001100000000111100000011111000111
1111111000110000000011000000100001001001000110110100111001011111100101111110011111111001111111100111
1111111100000011100000000010000000000000100000001111101110111111110011111111101111111110111111111011
0000000000000000010000001111001000100100000000000000000000010000001101111011111111111011111111111111
0000001111001100011100101110010000100100000000011000010000000010100011001000011111111101111111111111
0000000000000000011001100111100000010111100000011110100001110100011111001000011111100111111111111111
0000000000000000011110001111111000111011100110001101010000110000010111000001011111100111111111111111
0000000000000001100001000011001000001100000000000000000111010000001111111110111111110011111111111111
0000000000000000000000001000111101111111011111101111111111111111111111111111111100000000000000000000
0000000000000001110000000101000000110000100111110010110111000001111101110111111111111111111101101111
0000000000000000000010001111001000110100010111000000011100010110001111111011111111101111111111111111
0000000001000000000100001110000000111000000011100001000110110100001111111110111111111011111111111111
1100111111110000011111000001111100000111110011111110000011110000001111000000111100000001110001000111
0000011111000000011110000011111111011111111000011111100001111110000111111000011111100001111100000111
0000000011111100011111000001111100000111111001001111100100111110000111111000011011101001001110001100
0000001111000000111111000011111111000111111000011111100001111100001111000000111100000011111100100111
0000001111000000111111000011111110000011111000111111100011111110001111100000111110100001111100000111
0000001111000000111111110011111111001111111100011111110001111110000111111000011011101001001100001100
0000000000111100110011110011101111000000110000001111000000111110000111111110111111110111111111111111
0000000000111100110011110000001111000000110000001111000000111111000111111101111111110011111111111111
0000011111000000111111100011111110001111111000111111100011111110101111111000011011100000001100000000
0000011111000001111111110011111110001111110000111111100001111110000110111000111011100010001000011000
0000000111000000011111100111111110011111111010111111101011111111001111111000011111100000011110000001
0000001111000000111100001111110000011111000000011100100001111110000111111000011111101001001100000000
0000001111000000111100001111110000101111000000111100000011111110001111111000011011100001101110000000
0000011111000000111111000111110100011111000000111111100011111110100111111000011011100011001100000000
0000001111000000011111100001111110011111110111101111011111111100001111100000111110000001111001000111
1001110000101001000010111100001011110000100100000000010000000011000111111100111111111111111111111111
1111111100110000110011001011001111101100011111110000111111000011111100010000111111000001011100100001
0000001111000000011100000001111101011111110111111100011111110000011111111000011111100001111100000011
0000000111000010011110000001111110110111111111001100011100111100010111110000111111000001111100100111
0011100000011100000001111000001111110000111100000000110000000111000011111100011111101111111111111111
0001111111000111111100001111110000111111000111111100001111111000111111000001111100000111110000011111
1111111111111111111111000111110000011111000001111100000111110000011111000001111111111111111111111111
1111111111111111001111011111110000011111000001111110000111111000011111110001111111111111111111111111
1111111111111100111110100000111110000011110000000010000000001000001000110000101111000010111111111111
1001000000100000011110110010011111001001111110000111111000011111100000111000000011000001001110010100
1111100011111100000111100000011110000001100000000010000000001000001100000000010000000001011100011111
1111111111111111111111100000111110000000110000000010000000111000001000000000100011000110001111111110
1111111111111111111111100000111110000000110000001011000000111000001000100000100011000110001111111111
0001001100011110111001111101100111011110010001100001100111000000111100011011110001101111000010101000
1111111111110110111111000001111100000111110000011111000000111100000001100000000110000000011111101111
1111111111111111111111111111111111111111111111011111000000111000000011100000000110000000111111111111
1000111110110011100001111111001111111100111000111011001001111110000011011100000100100000000000000000
1111111111110001111111000000001100000000100010000110011110011001111001101111100111111110011111111001
1111111111110110011110000000111000000011100000000110011110001001111000100001110011001111101111111111
1111111111110110111110011001110000000111100000001100000000010001111001100001100010000111001000111110
1111111111110000011110000000111000000011100001000110011110001001111000100111110010011111111001111111
1110000011111110011111111111111111111111111111111111111101111100000110110000011111000001111100000111
0011111111111100111111100011111100001111111000011111100001111100000011110000011110000001111100011111
0111111111111111111111100111111110001111110011011110000000111000010001000011100100001001110000100011
1111011111111000111111000011111101101111101110000110010000000000010001000010000000011001010001111111
0000011110000011111100001111110011101111001100011101110001111111000011111100001111110000111111011011
1110001111111000011111100001111110000111111000001111100100111110011011111001100111101111111111111101
1110001111111000011111000011111110000111111000011111100100111110011011111011100111101111011101111101
0000000111000000011101100011111110001111110000011111000001111110000111111000011111100001111111111111
1110001111110000111110000011111000001111100000011110000100111100010011110001101111001110111110111101
1100000111100000011111000011111100000111110000001111000110111100010011100001001110000111111100111111
1100001111110000011111100001111110000111111000011111001101111100110011110011001111011110111011111001
1111111111000011111100001111110000111111000011111100000111110000011111000001111100000111111111111111
0001001101000010110000001101101001110110100101011010011111001000111100111000010011101100001111111111
1111001111110110111110001101110000000110000100001010011100101000110110100011010010001001001100011100
0000000110000000011001100001110101110011000111001101011110110101111011111111111011101011101110101000
0111001101011100111101000111100000010110100010001010001100101000110100100010110010001011001110011100
1111111111000011111100000011110000001111000000111100000011110000001111000000111110000011111111111111
0001110000011111111011111111111111110011110011101111001000011110010001110000101101111111110001111100
1111111111111100111111100011111110000111111000011111001100111100110011110000011111000001111000000111
0000000000000000111000000001110010010111011100011101110011110111001111111100111111111011111111111111
1111100111111110011111110110111111000011111100001111100000111111000011111100001111100000001000000000
0000000000000001000000010111101110111111111000111111111111111111111111111111111111000001110100000010
1110000111110000111111001011111101111111110000011111100001111110000111110000001111000100011100011000
1000000111000000001100110010110011101111001100110001000000000000000001000011001111111111111111111111
1111111111111100111111100011111110000111111000001111101000011110001111110000111111000001111110100111
1110001111111101111111111111111100001111110000111111111111111101111001000011000100000000000000000000
1111111111111100011111101000111110000011110000100110100000011100000110110110111111111111111000111111
0100011111110001111111000111111100001111100010011110011101111110000111110000011111000001111100000111
0000000000000111000001110001101111001111111110111111100011111110001111111100011111100001110000000110
1111111111111101111111100011111110001111110000001111001000111101000001111100001111111101001111111111
1100111111110011111111000111111000011111100001111110000111111000011111000001111100000111110000011111
1111000111111100011110110001111011110000111011110000001110000000111100000111110000011111000001000000
0001111111011100111111100011111110000111011100010100000111110000011111000001111100000011110000011111
1111111111111100111111100011111100001111110000111110000001111110000011111000001111100000011110000000
1111111111111111111111110011111110001111111000111111000011111100001111110000111100000011110000000001
0101011111010100111101000011110100001111010011111100000101110000011111010110111100011011110000000011
1111111111111000111111100000111000000001101111000010000110001000111000000011110000001111001000000000
1111001111111100011111000000111100000000110111100011001110001000101000100111000010011100001000000000
1110111100111000000011100000001111000000111011101011100110001110011100111011110011101111001110000000
1111111111111100111111100011111110001111110000111110000001111110000011111000001111100000011111000000
1100111111000001111100000111111000011111001001111100100111110000011111000001111100000111111000011111
1111111111111110011111111111111111111001111000111111100000111111100001011110000001001000010000001111
1111111111101111111110010111110001000111000100011101110001111110000011111000001111100000111111101111
1111111111111111111110001111110000111111000111111100011110010000000100001000010100110011111000111111
1111111111110001111111000111111100000111100000001110000000111000001111100000000110111000111000111111
1111111111111100011100000000110000010011000000001010000000101100000011110000001111110001111111111111
1111110111111111001111111101111110000011111000001101000000110100000011011000000111100000001100000000
0011111111011111111100011111110111011111011100111111110001111110000111111000111111000010110000000011
1111111111111111111111111111110000011111000001111100000100110000011111101111001111111111111111111111
0001111111000000011101000000111100000011100011000110010001110111100001111101000111100100011111100000
0000001111000000001101000000111100000011100000000100110001010111100001111100000111100000011111100001
0001111111000000001111000000111000000011100011101101110001111111000001111100100111100100001111110000
0000111111000000011101000000111100000011100111100100110001111111100001111100000111110000001111100000
1111111000111111110111111111001110111000110011100010001111000000110100000001010000000101000000010100
0000001111001111011000111101100011111100010111010011111111101111100011111110000001111001000001100000
0000001111001111011000111101100011111100110111010011111111101111100001111110000001111001000001100000
0111001111000011111111101111111110111111011011111101100011110000000111000000000000000000000001000100
1111011111011111111101100111110110111111010011011100001100110000110011000001000000000000000000001000
1111111000110000000011000000100001001001000110110100111001011111100101111110011111111001111111100111
1111010011111111111111110000001100010000111111100011111110001111111100111111110011111110000000000000
1111111111111111111111111111101111100011000000001100010001110001000101000100010100010001110001011111
1111111111111111111111111111101100000111110000001111000000111100000001110000001111000011111111111111
1111111111111111111111111111111110000011110000001111000000111100000001100000000111100000011111000111
1111111100000011100000000010000000000000100000001111101110111111110011111111101111111110111111111011
1110001111111000011111110001111111000011111100000111110000001110000000111100010011110001111111100111
1111101111111000011111100000111100000011110000000110000000111000000011100010001111011001111111111111
1110001111111000011111110001111111000011111100000111110000001110000000111100010011110001111111100111
1111001111110000111111000001111100000011110000001111000000011100010001110001100111000111111110111111
1110000111110000111111001011111101111111110000011111100001111110000111110000001111000100011100011000
0000000000000001000000010111101110111111111000111111111111111111111111111111111111000001110100000010
0001110000011111111011111111111111110011110011101111001000011110010001110000101101111111110001111100
1111111111111100111111100011111110000111111000011111001100111100110011110000011111000001111000000111
0000000000000000111000000001110010010111011100011101110011110111001111111100111111111011111111111111
1111100111111110011111110110111111000011111100001111100000111111000011111100001111100000001000000000
1000000111000000001100110010110011101111001100110001000000000000000001000011001111111111111111111111
0000000000000111000001110001101111001111111110111111100011111110001111111100011111100001110000000110
1111111111111100111111100011111110000111111000001111101000011110001111110000111111000001111110100111
1110001111111101111111111111111100001111110000111111111111111101111001000011000100000000000000000000
1111111111111100011111101000111110000011110000100110100000011100000110110110111111111111111000111111
0100011111110001111111000111111100001111100010011110011101111110000111110000011111000001111100000111
1111111111111101111111100011111110001111110000001111001000111101000001111100001111111101001111111111
1011100011011111111011111111101111111111000001111100000000010000000001000000000000000000000011111111
1111000111111000000111001110011100111000110000000111000000111000000011100000001111000011111111111111
0111000000111100001011110000001111000000111100001111110011111110101111000010111100101111111111111111
1111000011111100001111110000111110000011111000011111100001111100000111110000011111100001111000000111
1111100111111100010011100001001110000110111100011111110001111110000111111010011111100001111101101111
1111100000111100000011110000001111000010111000111011100001101110001110111000111011110011111100001111
0011000001111100000111110000011111000000111100011111110011110011001111000101111100110111111111111111
1111000001111100100011100111010010011001000001100100111111110001111111000111110000000000010000100101
1100001000111001111111101111110010111111000111111100011111010001111101000111111100011111110001111000
1111110000110011000011001100111000110001100011000110001000111000100001101011000111111001011111100001
1111110001110110000011001000101000100001100110000110001000111011100001100110000110011001011011100001
1001111111110100111111000001111001100111100111111100011111110001111111000111101110011110001000000000
1000101111110001101111001111111001011111000111111100011111111000000111110000001111000000001100000001
1111111001100101100110110010011110001001111111111111100000111110000011111000001100000000110000000000
1111111001110110000110010000011111100001111111001111100000111110011011001010101100000000110000000000
1111111011111011101111000010011111001111011110111111111110111111000111000000000000000000000000000000
1000010001100000010110000000011000110011101111101111111100110111111111001111111100010010110000000011
1001001100111000001011100101111010000111101100111110111011110001110111000000001100000000000000000000
1001111011101000001110000000111000000011111010011101110001110011000111000100011100000001110000000111
1100010110110000111111000001111110000111111111011101110111110001101111000000111000000000000000000000
0110011111101011111100100111110011111111000111011110000101000000111000000011000000000100000000010000
0111110111111100100011100110001100111000011001100001000110001110101000111110100010001010111110000000
0111111111111100001111001110000000111000000001100001000110001100011001100011100010101011111000000000
0111111111011110000011111100001101110000000011000001001100000001110000000111100010010110111110000000
1111000000110000100011001110000000111000100011111011001101001110011000100011001111101000111111100000
1111100000111110000011111001001111111100000111111010000000000100111000000011110000001101100000110011
1011111111101101011111011100001001110000000011000000001100001001111000001111100011000010001111000001
1011111111101100111111011000001001110000000010000010011100001001111000001100101111010010001111000111
0111111111011111001111100000001000111000000111110000111111000000111100000011110000001111001001101100
0111001000111000100010001110000001111100000111110000000111000000111100000011110000011111000111101100
1101111111110101001011000100001001111000000111100000001110000000111100000011110000011101100100100110
0000011111000011111100001111110000111111000001111100000111110000011111100001111110001111111000111111
1111110001110011011011001100101000110001100001000100001000111000110001101011100110001101011111110001
1111001110111100111111110011111110000111100000011111100000111010000111100001011111110100111111111111
1110011111110000000111000000011100000011110000001110000000111000000011000000001111000000111111001111
0000001111011000011000111111100001110111100111011110011000001111110000011111111101111111110000001100
0100001100011000110100011111000001110111000001110100010111111010111111100001111111000111001100011000
0111000000011110001101111111110111011100001011100011101110000111111000001111111110111111001010001111
0000000000000001000011101101111110111100111111111111111111111011111111000011111100000011110000001111
0000000000111100000111101110111100111011000011000100011110000011111110001111111100111111111111111111
0000000111000000011010100011111111001111001100111100110111101111111100111111110011111110101111011110
1000000000100011000000001111001110011101111011011111011111110001101111011000111111101111111110110011
0100000011010000111101000111100110011011011111101101111100100011110011001111011100011101110000100111
1111000111111110011111111000111110100011110110001111011000111011101001111100110111000001101100100100
1110001111110000111111000011111100001111110000111111000001111110100111111011011111001000110000000010
1111000011111100001111100000011111100001110110000111111000011011000011101111001100111100010010001101
1111111111111010111111000001111100000001110100000111110000111111000111111110001111111001111011001011
1111111111110011101110001110011000110101000011011100010100111001110111101111011110111101011000101101
0000100000111010000010101000001111110000111110000111111000001111100001111110000111111000011111110001
0111111111111110111111110001111110000111110000101111111000011111000111111000111111100011111110000111
0000100111000000010000010001000010111111011000000111101111111110111111111010011111101011111100100111
1111101111111100011111100000111100000011110000001111010000111001100011100100111110000110111110010101
1111111111100100000110010000011101000001110010000101011000111001000001001100000110110000011111110111
1100111111100011111110001111111100111111010001000100000101010001111111100111111110011011111100111111
1111111111000011111100001111110000011111000001111100000111110000011111000001111100000111111111111111
1110001000111000110011000011001100001100110000010011000011101110000110111000011011100011001111100000
1111110000111101110011100111001100011100110001100011100010001110001100111000010001111001000111000000
0100111100000111110000011111000111111100001111010010101101000001111000000111110000111111000000010000
0101111100000111100000111111000111111100001111010010001101000001111000001111110000111111000000000000
0000101110000111110000111111001111111110011111111000101111011001110010001111100000111110000111111100
0000101110000111110000111111001111111110011111111000101111011001110010001101000000111110000111111100
0001111100000111100000111111000111111100001011010010101101000001111000000111100000111111000001110000
0000011111000001111100000111110000011111000001111100000111110000011111000001111100000111110000011111
1011100011101110001110010000111000000011100000001110000000111000000011100000001101111110001111111111
0011100111001110011100100001110000000011000000001100000000000000000000000000000011111111111111111111
1111000111111111101111101110001110001100111000111011000001101100000010110000000010000000000000011000
0111111111011110001111111100111111100001111111000111111000011111100001111110000100000000010000000001
0000011111000001111100000111110000011111000011111100000111110000011111000001111100000111110000011111
0000000000000000000000001010000001111110001111111011111111110001111111000111110000011111110011111111
1111111111111100111111110011111111001111111000011111100001111111000011111100011111110001111111000111
0000001000000000100000000000000001100000000111011000111100000001111000111111111100011111110001111111
1111111111111100111111110001111111000111111000011111000001111100000111110000011111100001111110000111
0000000000000000000000011010000001111110000111111111111111110001111111000111110000011111110011111001
1111111111110011111111001111111000111111000001111100001111110000111111000011111110001111111000111111
1111100111111110011111110110111111000011111100001111100000111111000011111100001111100000001000000000
0001110000011111111011111111111111110011110011101111001000011110010001110000101101111111110001111100
1110000111110000111111001011111101111111110000011111100001111110000111110000001111000100011100011000
1111111111111100111111100011111110000111111000011111001100111100110011110000011111000001111000000111
0000000000000001000000010111101110111111111000111111111111111111111111111111111111000001110100000010
0000000000000000111000000001110010010111011100011101110011110111001111111100111111111011111111111111
1000000111000000001100110010110011101111001100110001000000000000000001000011001111111111111111111111
1100111111110011111111000111111000011111100001111110000111111000011111000001111100000111110000011111
1110000111111000011111100001111010000111110000001111000001111100010111000001011110000001111110000111
1111000111111100011111100001111111000111110000011111000001100001000000000000111000011011111111011111
1110001111100000011100000001110110000111011000111100000001110100000111110000011111000001111110000111
1000011111100000111110000011111001000011100000011111000001111110000111111000011111110001111111001111
1111001110111100111011110000111111100001111000000011101101101110011110010000011000000001100000000010
1000011000000111110000101011000000101100000001110000000111000000011100000001111011000001101110000011
1111000011110010001111000001111100000111110000011111100001111100000111100000001110000000111111000111
1111001111111100011111100000111111000111111000111111100011111111001111111100111011110011111111111111
1111011111111000111111100001111111000111111000011111100001111111001111111100111111110011111111111111
1111011111111000111111100001111100000111111000011111100001111110001111111000011111100011111110001111
1110001111111000111111100001111100000111100000001110000000111110000111111000011111100001111110000111
1111001111111000111111100011111100001111110000111111000011111111001111111100111111110011111111111111
1111011111111100111111110001111110000111111000111111100011101111001110111100111011110111111111011111
1111001111111000111111100001111110000011111000001111100010111110000011111000011111100011111111001111
1111111111111100111110000011111110000011100000000100000000101000100000111100000111100001111111000111
1111111111111001101111100011111000000111000000001110000000011101100001110000000111000010111110011111
1111111111111001111111100111111000000111000000001110000000011101100001110010000111000100111110011111
1111111111111001111111100011110000000111000000001110000000011101100001111000000111100010111110011111
1110001100110001110011001111101000111110100111111011000001101110110110110010011001001001100001101100
1110010011111000011111000001111100000111100000001100000001110000000111000000101101000010001100000100
0000001110111000111011100011110110001101011101110100000011010010001001001010100100100010010011111001
1111000111111000111011100011101110001010111001110011000111001100101100001010010000101000000000100000
0011001111001100111100100011110000111111000011111100011101110000111011001111110000101111100000111110
0000011111000000111100001111110000111111100011111110000111001000111110000011111000000111100000000000
1111111111000001111100000111110000011111000001111100000111110000011111000001111110000111111111111111
0001111111000011111110001111111000111111100011111110001111111001111111110111111111011111111101111111
1111001111110110111110001101110000000110000100001010011100101000110110100011010010001001001100011100
0000000110000000011001100001110101110011000111001101011110110101111011111111111011101011101110101000
0111001101011100111101000111100000010110100010001010001100101000110100100010110010001011001110011100
1111111111000011111100000011110000001111000000111100000011110000001111000000111110000011111111111111
1000001111100000011100001001111000001111100000111110000011111000001111110000111111000011111001000111
1111101111111001011111000000011100000001110000000101000000010000001011000001100011101100011100000011
0010000011101000001111000001111000001111110000111110000001111100000111110000101111000000111100110011
1110010001111100000111000000001000000001100000011110000011111100000111111000011111100000111100010011
0000001111100000111111000001111000000111100000001111000000111111000001111110000011110000001111000100
1110000111100000011110000001111000000111100000001110100010011111111101111111111001110011111111000011
1110000111111000011110000001111100000111111000011111100001111111111111111001110011000011101101000110
1100001111110000011111000000111100000011110000000111110001011111111110111111111011100011111111001011
0001111111000011111100001111110000011111000001111110000111111100111111111101111110001111111000011111
1111110010111101100011100110011110001101111000111111100011011110001100111010110011001011001100001000
0111111110011010000000000000000100001100000001110011010110001111001110111101111110000000111111111111
1111111100111110110011111110001011011111001110111100011000000011100000000110111100000011110000000000
0111101110010000000000000000100000001000000011100011010010001111001111100100001110111111111111111111
1011100111101110011111111001111011110111111011111111100000110011111011001000001100000001000000000010
1111111111111100111101111011111111111111111110011101111001111011100000000000000000000000000000000000
1111110111101010011110100001111110110111001110001110101000001011100100111001000011100000001100000000
1111101111110011011111001001110000000011000000001111000000111101000011111000001110000000111000111011
1111111111001110111100000000000000000000000000000100000011110000001111100001111111111111111111111111
1111111111001100111100000000010000000000000000000100000011110000001111110001111111111111111111111111
1111111111111101011100000001000000010000000000000100000001110000010111100001111111111111111111111111
0110001111011100110100100010010010001011001000100100110011110111100011000000001100000111111101111111
0000110111111100000111000000010001111101000011100100011100010001111011000011111011111111101111111111
0000000010000010001111111111111111111111111111111101101100000000010000000001100000000010000000001000
0111111111000101100100011110000001111101111111100011111110001111111001100011000000000100000000000010
0000111111111110001100011000110000110011000011001100001011111111111001111111111111110111111111111111
0100000000110001110011001111011111111101111111100011011100001000110011000011001110000000011000001111
0100100000000001000011001111001110111101111111110011101110001000110011000011111110001000111000000111
0000011111010001111100000111110000111111000001111101000111110000011111000001111100000111110000011111
1111111111000011111100000111110000011111000001111100001111110000111111000011111110011111111111111111
0000011111000001111100000111110000011111000001111100000111111000011111000001111100000111110000011111
1111111111111111111111110001111111000111111000011111100001111110000111111000011111100000111110000011
1111111111111110111111111001111111100111111000001111000000111100000011111000001111100001111111000111
1111100111111100011111110000111111000001111100000111111000001111100000111100000111100000011111000011
1111000011111000001111101000111101000111110000011111110000111111100001111100000011110000001110010000
1111001111111000111111100001111111100111111010011111111001111111100011111110000111110000011111000000
1111111111111110011111111001111111000111111110011111100001111110000111111000000011000110000000010000
1111010111111100011111111000111110100011110110000110000000011001000001100100000111110110111111011011
1111111111111110111111110001111111000111110000001110000000111110000001111100000111110000111111010000
1111100001111100000111100000001110000000111000011111110001111110000111110000001111000000110001100111
1111111111111111111111000000111000000011111000011111110001111111000111111000011111100000111110000011
1001111111100011111110001111111000011111100001111110000111110000011111100001111100000111111000111111
1111001111111100011111110000111111000011111100000111110000011111000001111100001111110000111111000011
1110101111110000011111100001111100000011111000001111100000111100011111111001111111000111111110011111
1111111110111001000011000000101100000011110000001111010000110111110011011111001111011100111100110011
1111111111111000111111000000111100000011100000001111000000111111100011111110001111111000111111111111
1111111111100001111100000111110000011111000001111100000111111100011111010001111100000100110011111111
1111111111111010001111000000111000000011100000001110000000110000000011111100001111110000111111110111
1101111110100111010111101100011110110001110011000111010100011001110001110100100111110010001101101001
1111111111111010001111000000111100000001100000001110000000111000000001111100001111110000111111110011
1111111111111111111100000111110000011111000001111100000111110000011111000001111100000111111111111111
1000000011100000001110000000111100000011110000001111000000111100001011110010001111100000111111111111
1101000011100000001110000000111100000011110000001111000000111100001111110000001111000000111100110111
1100000111110000001111000000111100000011110000001111000000111100011111110000011111000001111100000111
1110110011110000001111000000111100000011110000001111000000111100000011110000001111000000111100000011
1101000011110100001110010000111000000011100000001110000011111000001111110000001111000000111100000011
1111111111110001011111000000111100000011100000001100000000110000000001000000111100000111110001011111
1111111111111111111111110000011111000001111100000111110000011111000000111100011111110001111111111111
1111111111110000011111000000111100000011110000001111000000111100000001110001111111000111111111011111
0100011111010001111100000111110000011111000001111100000111110001111111000001111100000111110000011111
1111111111111111111100000111110000011111000001111100000111110000011111000011111111001111111111111111
1111111111110000011111000000111100000011110000000110000000011100000111110001111111010111111111111111
0000000111000001111100011111110001111111000111111100011111110011111111111011000111100100001100000000
0000101111000000011100000000110000000011000000001100000000110000001111110000111111000011111111111111
1111000100111111001100111100000011100001000100000111010000001111111000111111100000011111000011001100
0100111110110001111011110101101100111100000111110100111011010010001001001000101100101110110011110011
1111111000111110011010001111101110111110111111101010111110000000011000000001110000000011000000000000
0100111111110001111111100010111111111111110001111100001000110000101011000100101000010011100001111110
0001110010101110001001111011101111111110011111100001110011001101010100100000010000010001001111111100
1111110010111111001011111000101111100010111000001011100000101110000010100000010000001101000000110100
1111110011111101101111100010111110001011111100101111100010111100001011110000000010000000001110010000
1001111101100011110110000111011000011101100011110100000001010100001101010001110100011111010001111011
1011100000000010000110110000001110000000111000000111111000011111110011111111101011111110001100110001
1111111000111111000011111000101111100010110110001011111000101111100010111001000011100100001101000000
1111110000111100010011100001001110000100110001010011100001011110000001111000000011010100001111100011
1111110100111100010111110000011111100000111110010011110001001110010000111001000011101100001111110010
1111001101111111101110011100111001110011000111000111111100111110100001111100001110100001111010010000
1111110011111111001111111000111101000011100100011100100001110000000111000000011111110001111111100011
0111100111001100011100110000110110000111011000011101100001111100101111110010111111001011111110101111
1111101111111110011111110001111110000111110000011111011001111001100111111111001111101100111111111001
1111101111111100111111100011111100000111110000011110000000111000000001110111100111011110011001111001
0111001111010000111101100001110110000111011000011111100011111110101111111010011111101101111100110111
1111000011111000000111000000011000000001110000000111000000011100000011110000011111000001111101000111
1111111111111010111101110011100110000100011100010011110000001111000000111100000011000000001111100000
1111110000111110010011111001001111100110111110001111110000111111100111111110001011111000001111100110
1111100111111110011111110001111111000111111000011111110001111110000111110000001111100000111111001110
1111111111111100011111110000111111000011111000001111000000111000000001111100001111110011111111001111
1111111111111110111111110011111111000111111000011111100001111000000111100000011111000001111111010110
1111111100111110001011111000111111100011111110001111111000011111100001111100000011111000111111100111
1111111111111111111111110011111110001111111000111111000001111000000011100000000111100000001111111000
1111101111111100011111110001111111001111111000011111000001111111000111111100011111110100001000000000
1111110111111110001111110001111110000111000000011100000001111000000111110000001111111101111110110111
1111111111111100011111100001111110000111111000011111000000111000000011100000000010000000101111100110
1111100111111110111111110011111111111111111101000111110001011111101101111100100010000000000000000000
1111100111111110011111111001111111111100101111100011111111101111111100111010111011110000000000000000
1100000000111100011111110011111111011111111011000111100101001110011100110011110011101111000011000000
1111110111111110011111111111111111001000111110000011111111101111101110110110000011000000000000000000
1111110111111110001111110000111111000011111000001111100000111100000111110000011111000001111110001111
1111101110011000010011100001100110000100001100110000100001000111001110011100111001100001100010001110
0111111100011100110001100001000010000100001000110000100011000111001110011100111000110011100011111100
1111101110111000011111100001111110000110011000011011000001111101000110111100111111100011110111001110
1111111111111100111111110011111110001111110000111111100011111100011111100000111111100111111111111111
1111111111111001111111100111111100011111110000001111000000111111000111111110011111111101111111111111
0000000000000000000011000000111110000011110000001110100000111000000111110010001111001100111100111001
1111110000111100111111110011111111000111111000011111100001111100001111110000111111101011111111111111
1111111111111110111111110001111111000111111100001111100000111110000011111000011111100000011100010000
1000001111110111011111111000111111100001001000001000100000001110000111111000111100000011110000001111
0000011100001111111111101111111100111111110110011111010101111100001111100000001100000000010001000011
1111111111111111111111000011111100000111110000011111100001111111000111111110001111111110111111111111
1001110000111100110011110001111110000111111000011111110011111000001111100010111111101011111111111111
1111111111111101111111100011111110000111111000001111100000111110000111111000011111100001111100000111
1100000001111001000110000000011111001101111100100101110000010111001011111100001111100001111110000111
1100000000111111100011111001111111100111111110011111110001111111000111110000011011000001111100011111
1111111111111111111111110011111111001111111100011111110001111111000111111100011111100001111100000111
1111111111111111111111100011111110001111111000111111100011111100001111110000011111100001111110000011
1111111111111100111111100011111110001111110000111110000011111110001111111000111111100011111110000111
1111111111111101111111100011111111001111111100011111100001111110000001111100000111100000011110110111
1110000001111001111111100011111100001111111100111111100000111110000011111010001111111011111111111111
0000000001111111111111110011111110001111111100111111110001111111000111111000011111110011111111111111
1111111111111110111111110001111111000111110000011111000001111111000011111100000111000001011100000111
1111001111110000001100000000010000001001110000001111000011111100000111110000111111000011111110011111
1111001111111000011111100001111110000111111000001111100001111110001111111100111111110011111111001110
1110011111000100011100000000110000000001100000100110000010010000000111000000111110000111110000011111
1110000111110000001111000000111000000001100000000111000000111100000111110000011111000101111110011111
1111011111111000111111100011111110000111110000001111000001111100000111110000011111000011111100011111
1111010111111000011111000000111100000011100000001110000001111000001111110000111111000011111100111111
1110001111111000011111000000111100000011110000001111000000111000000111110000011111000001111110010111
1111100110111100000011100000111110000111100000111100000001110000000011100000001111000000111110001111
1110000111111000011111000001111100100111111011101111000010111100000011100000001110000000111000000011
1111010110111000000111100000111100000111111000011111110000111110010011111000000111100000011110000011
1110000111110000011111000001111100000111111000001111100000011111000001111001000111100000011110000011
1111100111111100011111100000111100000011111100111111110001111110000011111000001111000000111100000011
1110000111110000011111001001111000001111100001011111100000111111000001111000000111100000111110010011
1110001111111000011111100001111110000011111000101111100000111100000011111000000111000000011110000011
1110000111111000011111001000111100000011110000011111000001111100000011110000000111000001111110001111
1110001111111000011111000011111110001111110100101111000001111100000001100000000010000000011000000111
1101000011110100001110010000111000000011100000001110000011111000001111110000001111000000111100000011
1000000011100000001110000000111100000011110000001111000000111100001011110010001111100000111111111111
1101000011100000001110000000111100000011110000001111000000111100001111110000001111000000111100110111
1100000111110000001111000000111100000011110000001111000000111100011111110000011111000001111100000111
1110110011110000001111000000111100000011110000001111000000111100000011110000001111000000111100000011
1100000111010011011100001111110001111111000111111100011111110001111111000111100100001110010000000001
1111101111111110011111110000011111000001111110000001000000110110000111000000111100001110000000000000
1100000111010011011100001111110001111111000111111100011111110001111111000111100100001110010000000001
0000000000000010000000001000000001111000000111100000011110000011111100001111100000111110000001110000
1110111111111111111100111111110001101111000000111100000001110000000111000000011100000011110000011111
1111101111111110011111110000011111000001111110000001000000110110000011000000011100001110000000000000
0000111001000011000100000000010000000011000000001100000001111111000001111100001111110010111111111011
1101000011110101101111000010111100001011110001101111001111111110111110111000100111000000010000000000
0001100110000110011000010001110001000111000100011100011001001111110000111111000011111110001111111000
0100000001011001000101110000010111001001111100000111111100011111111001111010000111100000111100000001
0000111011000011000100000000010000000011000000001100000001111111000001111100001111110010111111111011
1101000011110101101111000010111100001011110001101111001111111110111110111000100111000000010000000000
0001100110000110011000010001110001000111000100011100011001001111110000111111000011111110001111111000
0000111011000010000100001000110000010011000000011100000000110110100011111000001111110000111111111111
0100000001011001100101110000010111001001111100000111111100011111111001111010100111100000111100000001
0000011111000001111110100111110000011111000001111100000111110000011111000001111100000111110000011111
1100000111110001111100111011110000101111111000111111100011111110000001100000111111000010011100001000
1110111000000011000001000000010111000101111000010111100011111111001111111100111111110011001111101111
1111000011111100001111111011101111000110011100011111110001111110000010111000001111100001111110000110
1110010000011011111000000000010111000001111100110111110011111111001111111100011111110011001111101111
1111100011111110000111111011101111000110111000111011100001111111000011111000101111100011111110000110
1111110000000000001111110000111110000011111100111111100011111111001111111000100011100011101111000000
1110010000001011000101000000010110000101111000110111100011111110001111111100111011110011101111011110
1111111100000000000101000000010110001001111000110111100111111110011111111001111011100000001110011110
1111100001111110101011110001100110000110111100011111100011101111001100111100000011110100001111010000
1111000011111000001111110011111111101111011000111111100001111110000110111000101111100001101110001100
0000000000011001000001100110000001111100000111111000111110001011111000001111110000011111000000111000
1001011110000000100000001110000000111000000011100000001110000000000000000111011111111111111111111111
0010000000010010000001111100001111111100000111111000011100000011110000001111100000111110000001011000
0000000000000000000000011110001011110000100111000000001100000000010000111111111111111111110011111111
0000000000000000001101110011100001111000000011100000001100000001111000111111111011111111111111111111
0000000010000000000000001100000000110000000011000111111111111111011111111111111111111111111111111111
0000000000000000000000000101000001111100000111110000011101100001111111111111111111111111111111111111
0000000000000000000000000010000011111000001111100001111110000011110001111111111111111111111111111111
1111111111100000001100000000010000011000001111100000111110000001111000000111101000011111110001111111
1111001111111000111111000001111100000111110000011111010011111100001111111000011111100001111110000111
1111011111110000011110000000111000001001100000001110000011111100000111111000011111100001111111001111
1111001111110000111110000000111010000011101100000111000000111110000011111000011111100001111110000111
1110000111111100011111100010111100111111111011111110011111111001111111100111111110001000111000000001
1111001111111000011111100001111110000111111000011111110011111111101111111110111111111011111111101111
0100000001011001000101110000010111001001111100000111111100011111111001111010000111100000111100000001
0000111011000011000100000000010000000011000000001100000001111111000001111100001111110010111111111011
1101000011110101101111000010111100001011110001101111001111111110111110111000100111000000010000000000
0001100110000110011000010001110001000111000100011100011001001111110000111111000011111110001111111000
0000111011000010000100001000110000010011000000011100000000110110100011111000001111110000111111111111
0100000001011001100101110000010111001001111100000111111100011111111001111010100111100000111100000001
1101000011110101101111000010111100001011110001101111001111111110111110111000100111000000010000000000
0001100110000110011000010001110001000111000100011100011001001111110000111111000011111110001111111000
0000111001000011000100000000010000000011000000001100000001111111000001111100001111110010111111111011
1100000111010011011100001111110001111111000111111100011111110001111111000111100100001110010000000001
1111101111111110011111110000011111000001111110000001000000110110000111000000111100001110000000000000
1100000111010011011100001111110001111111000111111100011111110001111111000111100100001110010000000001
0000000000000010000000001000000001111000000111100000011110000011111100001111100000111110000001110000
1110111111111111111100111111110001101111000000111100000001110000000111000000011100000011110000011111
1111101111111110011111110000011111000001111110000001000000110110000011000000011100001110000000000000
1100000111110000001111000000111100000011110000001111000000111100011111110000011111000001111100000111
1101000011110100001110010000111000000011100000001110000011111000001111110000001111000000111100000011
1000000011100000001110000000111100000011110000001111000000111100001011110010001111100000111111111111
1101000011100000001110000000111100000011110000001111000000111100001111110000001111000000111100110111
1110110011110000001111000000111100000011110000001111000000111100000011110000001111000000111100000011
1110011111000100011100000000110000000001100000100110000010010000000111000000111110000111110000011111
1111001111110000001100000000010000001001110000001111000011111100000111110000111111000011111110011111
1111001111111000011111100001111110000111111000001111100001111110001111111100111111110011111111001110
0000101111000000011100000000110000000011000000001100000000110000001111110000111111000011111111111111
1111111111110000011111000000111100000011110000000110000000011100000111110001111111010111111111111111
1111011111110000011110000000111000001001100000001110000011111100000111111000011111100001111111001111
1111001111110000111110000000111010000011101100000111000000111110000011111000011111100001111110000111
1110000111111100011111100010111100111111111011111110011111111001111111100111111110001000111000000001
1111001111111000111111000001111100000111110000011111010011111100001111111000011111100001111110000111
1111001111111000011111100001111110000111111000011111110011111111101111111110111111111011111111101111
1110010000011011111000000000010111000001111100110111110011111111001111111100011111110011001111101111
1111100011111110000111111011101111000110111000111011100001111111000011111000101111100011111110000110
1111110000000000001111110000111110000011111100111111100011111111001111111000100011100011101111000000
1111000011111100001111111011101111000110011100011111110001111110000010111000001111100001111110000110
1111111100000000000101000000010110001001111000110111100111111110011111111001111011100000001110011110
1111100001111110101011110001100110000110111100011111100011101111001100111100000011110100001111010000
1110010000001011000101000000010110000101111000110111100011111110001111111100111011110011101111011110
1100000111110001111100111011110000101111111000111111100011111110000001100000111111000010011100001000
1110111000000011000001000000010111000101111000010111100011111111001111111100111111110011001111101111
1111000011111000001111110011111111101111011000111111100001111110000110111000101111100001101110001100
0010011111111001111111110011110111000111000000001000100000100111000110011100111000111111100011111110
1111101100111100111011100001100000000110010001111100000111110111111111011111111101000000000000000000
1111011110111100111111100011111110001111111000100111100000000000010000001000000111111100011111110011
0111111010111000010011000000001100000111110000111111000011111111011111111100111111100011111110011111
1000011111110001111111000011111000100111100000011111100011111110000111111000011111100001111111111111
1111001110110001111000100010111100001111100000011100001101110111000011111111000111111000011111100111
1111111111111110011111110000001111100000111100100011111011011110000111110000011111100000000000000011
1111111011100111101111111101111111010001111000000011000000011000100011000001011110001111111111001111
0001000110010100011011100000101111011000111000011111000001111111001111111100111111111011111111111111
1111111111111000000111000001111100100011110000001111000000011100001101100000110110000011011111111111
1000000001001000000111000011011110000000111100000011110000001111000000111100001111110000111111001000
1111111111111100111111100000111110000011111100000111110000011111001001111110100111111011111111101111
0111111111011101111101100011000100000100001100100100100010011010001011101101101110110110111111011011
1111001111111100011111110000111111000010011100001001100001100111000110001100111000111011101011101110
1111001111111100111111100000011110000001111000100011110000001111000000111100100011111010111111001000
0110111111011001111101000110110100001000010001100000000110000010011000101001101110110110111101110111
1110011111111000101111100000110101000000011101100001100110000111011000001101100000110100101011010111
1001111111101111111100010111110011000000000000011100000001110000001111000010011100001001110001000111
0011111111011111111101111001110111100011011100001101110000010110000001011000000101000000010100000001
1111111111111111111111111011111111000111111100001111110001111111000111011000011100000000000000000000
1110011111111001111111100011111110000111111000111111100011111100100111110010011111011001110001101111
1111111111110101111111000001111110000111111000011111100001111110000111110011011111001101110010000000
1111111111111111111111100111111110000111110000011111000000111100000111110000001111000000111100010011
1111111111111111111111110111111110001111110000111111000011111000000011000000001100000000110000000000
1111111110111111110011111110001110011110111000111011100000101110000000110000000000000000000000000001
1111111111111111110011111110011111111001110001111111100011110100000000000000000000000000000000000000
1111111110111111111011111111001101111110110010111010000001101000001100110000000011100000101100000000
1111111111111111111111111111111111001111111100011111110000111110000001111000000000000000000000000000
0000011111000000111100000001110000000111000000011101111111111111111111111111110011001111000001111100
1111111111111111111111111011111111000111111100011100111111110000011111000011111100011100010001010000
1111111111111111111111111011111111000111111100001111110000011110000000000000000000000000010000000000
1111111011111111001111111100110111100011111100000111110000001111000011111100000101111000010001100001
1110001111111100011111100001111110000111110000011111001001111100100111110000011111000011111110001111
1100001010100000100000110001000111100001110100000100000010000000011100111111100011111110001111111011
1111011111111101111111100011111110001111111000011111100001111110000011111000000011100000000100000000
1111001111111000111111100001111110000011111000001111100010111110000011111000011111100011111111001111
1111011111111000111111100001111111000111111000011111100001111111001111111100111111110011111111111111
1111011111111000111111100001111100000111111000011111100001111110001111111000011111100011111110001111
1110001111111000111111100001111100000111100000001110000000111110000111111000011111100001111110000111
1111001111111000111111100011111100001111110000111111000011111111001111111100111111110011111111111111
1111011111111100111111110001111110000111111000111111100011101111001110111100111011110111111111011111
1111001111111100011111100000111111000111111000111111100011111111001111111100111011110011111111111111
1111111111111110011111100000111100000011110000001111000000111101000011110100001111110000111111000011
1111111111111000010101110001011001100101100010010100000001010110010101111000010111110001011111000000
1111111111111111111100111100110000010011000001001100000100111000010011100001001110000100111000010001
1111111111111001101111100011111000000111000000001110000000011101100001110000000111000010111110011111
1111111111111001111111100111111000000111000000001110000000011101100001110010000111000100111110011111
1111111111111100111110000011111110000011100000000100000000101000100000111100000111100001111111000111
1111111111111001111111100011110000000111000000001110000000011101100001111000000111100010111110011111
1111111111111000001111000000111100000011110000001111010000111101000011111100001111110000111111111011
1111111111111000001111000000111000000011100000001110010000111111000011111100001111100000111111111111
1111111111111000001111000000111100000001110000001010000000101101000010111100000011100000011111000000
1111101111111000011111000000011000000011110000001010010000101111000010111100001011100000111111000011
1000000111001000011100100001110000000111111000011111100001111000001111100000111111000011111000011111
1111111111111001111111000011111000001111111001111111100011111110001111111000111100100011110000000000
1111111111100001111110000001111110000111111000001111100011111100000111110000011111001000011100000001
1111001110111100011011110001101111000110011100011000000001100000000100000011111001100101111111111111
0001111100000111111100010111110011110011111111001110011111101111110111110011000100000000000000000000
1100001111000000111111000011110000001010111101101011111111111111111011111110100010110010000011010000
1111110000111111000011111100001111000000111100010000010001000111000111111000001111100000001100000000
1111111000110001100000000111110111001110000000100010000010001111111100111011110011110001101100010111
0011111111111111111011111100001100000010010000000001000000001111001110111010111111111111111110111111
0001111111011111111111111110001110000000000001100010000100001100111110110001111111110111111110111111
1111111001111101111100001000110000001001000000100000000011111111001111111100111111000101110000001111
1111110110111111111111111110001111000000111100000011110000001111001000000000000000000000000000000000
0111100000111111001101110111110010101111111011111101101110010000110000000011000000000000000000000000
1111111000110001100000000110110110011111010001100000000110001110011100111001110011110001101100010111
1111110001111110000011110000011110000001110110110111100111111111101010110000100010000000000000000110
1110100011110111001111111111111110101101100000000110110000010001000011000100000000110000000011011000
0000000001000000001100000000000000011110000011111100010111110110011110000000111000000001001000000000
1000011111000001111100000111110000011111000001111100000111110000011111000001111100000111110000011111
0000011111000001111100000111110000011111000001111100000111110000011111000001111100000111110000011111
0000011111000001111100000111110000011111000001111100000111110000011111100001111100000111110000011111
1111111111111111111110001111110000111111000001111100000111110000011111000001111110011111111111111111
0000011111000001111100000111110000011111000001111100000111110000011111000001111100000111110000011111
0010011111111001111111110011110111000111000000001000100000100111000110011100111000111111100011111110
1111101100111100111011100001100000000110010001111100000111110111111111011111111101000000000000000000
1111011110111100111111100011111110001111111000100111100000000000010000001000000111111100011111110011
0111111010111000010011000000001100000111110000111111000011111111011111111100111111100011111110011111
1111111111111110011111110000001111100000111100100011111011011110000111110000011111100000000000000011
1000011111110001111111000011111000100111100000011111100011111110000111111000011111100001111111111111
1111001110110001111000100010111100001111100000011100001101110111000011111111000111111000011111100111
1111111011100111101111111101111111010001111000000011000000011000100011000001011110001111111111001111
0001000110010100011011100000101111011000111000011111000001111111001111111100111111111011111111111111
1111111111111000000111000001111100100011110000001111000000011100001101100000110110000011011111111111
1111111111111000111111100001111110000111111000001111000001111110000111111000011111100001111110001111
1111001100111100100011100000001111110000111111000011100000111111011111111101111111101110110000010000
1111101111111100111111100001111100000111110011001111000001111100001111110000111111011011111110100111
1111011111111000111111100011111110000111110000011111000001111110001111110000011111000001111100000111
1111100000111000000011000011001000000011101000000110111100011111111111111100000111110000011111000000
0000011101000000111100000101100000011111000110011100011111111001111111100111111011000011101111000110
1111111111111100111111000001111000000111100000011111000011111110001111110000011110000001110000100111
1111111111111000111011100001101100000111110000001111100111111110011111111001111111001101110000100011
1111111111111110111101000001111100000111111000011111100000111100000111110000001111100000111110001111
1110111000000011000001000000010111000101111000010111100011111111001111111100111111110011001111101111
1111000011111100001111111011101111000110011100011111110001111110000010111000001111100001111110000110
1110010000011011111000000000010111000001111100110111110011111111001111111100011111110011001111101111
1111100011111110000111111011101111000110111000111011100001111111000011111000101111100011111110000110
1111110000000000001111110000111110000011111100111111100011111111001111111000100011100011101111000000
1100000111110001111100111011110000101111111000111111100011111110000001100000111111000010011100001000
1000011111110001111111000011111000100111100000011111100011111110000111111000011111100001111111111111
1111001110110001111000100010111100001111100000011100001101110111000011111111000111111000011111100111
1111111111111110011111110000001111100000111100100011111011011110000111110000011111100000000000000011
1111111011100111101111111101111111010001111000000011000000011000100011000001011110001111111111001111
0001000110010100011011100000101111011000111000011111000001111111001111111100111111111011111111111111
1111000011111000001111110011111111101111011000111111100001111110000110111000101111100001101110001100
1111111100000000000101000000010110001001111000110111100111111110011111111001111011100000001110011110
1111100001111110101011110001100110000110111100011111100011101111001100111100000011110100001111010000
1110010000001011000101000000010110000101111000110111100011111110001111111100111011110011101111011110
0111111010111000010011000000001100000111110000111111000011111111011111111100111111100011111110011111
1111111111111111111111111011111111000111111100001111110001111111000111011000011100000000000000000000
1110011111111001111111100011111110000111111000111111100011111100100111110010011111011001110001101111
1111111111110101111111000001111110000111111000011111100001111110000111110011011111001101110010000000
1111111111111111111111100111111110000111110000011111000000111100000111110000001111000000111100010011
1111111111111000000111000001111100100011110000001111000000011100001101100000110110000011011111111111
0010011111111001111111110011110111000111000000001000100000100111000110011100111000111111100011111110
1111101100111100111011100001100000000110010001111100000111110111111111011111111101000000000000000000
1111011110111100111111100011111110001111111000100111100000000000010000001000000111111100011111110011
1111111111111111111111111011111111000111111100011100111111110000011111000011111100011100010001010000
1111011111111100111111110001111110000111111000111111100011101111001110111100111011110111111111011111
1111011111111101111111100011111110001111111000011111100001111110000011111000000011100000000100000000
1100001010100000100000110001000111100001110100000100000010000000011100111111100011111110001111111011
1111111011111111001111111100110111100011111100000111110000001111000011111100000101111000010001100001
1110001111111100011111100001111110000111110000011111001001111100100111110000011111000011111110001111
1111111111111111111111111011111111000111111100001111110000011110000000000000000000000000010000000000
1111111111111111111111111111111111001111111100011111110000111110000001111000000000000000000000000000
0000011111000000111100000001110000000111000000011101111111111111111111111111110011001111000001111100
1111001111111000111111100011111100001111110000111111000011111111001111111100111111110011111111111111
1111011111111000111111100001111111000111111000011111100001111111001111111100111111110011111111111111
1111011111111000111111100001111100000111111000011111100001111110001111111000011111100011111110001111
1110001111111000111111100001111100000111100000001110000000111110000111111000011111100001111110000111
1111001111111000111111100001111110000011111000001111100010111110000011111000011111100011111111001111
1111001111111100011111100000111111000111111000111111100011111111001111111100111011110011111111111111
1111111111111100111110000011111110000011100000000100000000101000100000111100000111100001111111000111
1111101111111000011111000000011000000011110000001010010000101111000010111100001011100000111111000011
1111111111111000001111000000111100000011110000001111010000111101000011111100001111110000111111111011
1111111111111000001111000000111000000011100000001110010000111111000011111100001111100000111111111111
1111111111111000001111000000111100000001110000001010000000101101000010111100000011100000011111000000
1111111111111001111111100011110000000111000000001110000000011101100001111000000111100010111110011111
1111111111111001101111100011111000000111000000001110000000011101100001110000000111000010111110011111
1111111111111001111111100111111000000111000000001110000000011101100001110010000111000100111110011111
1111111111100001111110000001111110000111111000001111100011111100000111110000011111001000011100000001
0111100000111111001101110111110010101111111011111101101110010000110000000011000000000000000000000000
1100001111000000111111000011110000001010111101101011111111111111111011111110100010110010000011010000
0001111100000111111100010111110011110011111111001110011111101111110111110011000100000000000000000000
1111001110111100011011110001101111000110011100011000000001100000000100000011111001100101111111111111
1000000111001000011100100001110000000111111000011111100001111000001111100000111111000011111000011111
1111111111111001111111000011111000001111111001111111100011111110001111111000111100100011110000000000
1111110110111111111111111110001111000000111100000011110000001111001000000000000000000000000000000000
1111110001111110000011110000011110000001110110110111100111111111101010110000100010000000000000000110
1110100011110111001111111111111110101101100000000110110000010001000011000100000000110000000011011000
1111111000110001100000000110110110011111010001100000000110001110011100111001110011110001101100010111
1111110000111111000011111100001111000000111100010000010001000111000111111000001111100000001100000000
1111111000110001100000000111110111001110000000100010000010001111111100111011110011110001101100010111
0011111111111111111011111100001100000010010000000001000000001111001110111010111111111111111110111111
0001111111011111111111111110001110000000000001100010000100001100111110110001111111110111111110111111
1111111001111101111100001000110000001001000000100000000011111111001111111100111111000101110000001111
0000000001000000001100000000000000011110000011111100010111110110011110000000111000000001001000000000
1111111111111001111111100011110000000111000000001110000000011101100001111000000111100010111110011111
1111111111111001111111100111111000000111000000001110000000011101100001110010000111000100111110011111
1111111111111001101111100011111000000111000000001110000000011101100001110000000111000010111110011111
1110100011110111001111111111111110101101100000000110110000010001000011000100000000110000000011011000
0000000001000000001100000000000000011110000011111100010111110110011110000000111000000001001000000000
1111001100111100100011100000001111110000111111000011100000111111011111111101111111101110110000010000
1111101111111100111111100001111100000111110011001111000001111100001111110000111111011011111110100111
1111011111111000111111100011111110000111110000011111000001111110001111110000011111000001111100000111
1111100000111000000011000011001000000011101000000110111100011111111111111100000111110000011111000000
0000011101000000111100000101100000011111000110011100011111111001111111100111111011000011101111000110
1111111111111100111111000001111000000111100000011111000011111110001111110000011110000001110000100111
1111111111111000111111100001111110000111111000001111000001111110000111111000011111100001111110001111
1111111111111000111011100001101100000111110000001111100111111110011111111001111111001101110000100011
1110100011110111001111111111111110101101100000000110110000010001000011000100000000110000000011011000
0000000001000000001100000000000000011110000011111100010111110110011110000000111000000001001000000000
1111110001111110000011110000011110000001110110110111100111111111101010110000100010000000000000000110
0000011111000001111100000111110000011111000001111100000111110000011111000001111100000111110000011111
1111111111111110111101000001111100000111111000011111100000111100000111110000001111100000111110001111
1111001111111100111111110001111100000111100000011100000001111001001110011000010101000111011100010011
1111011111111100111111100011111100000111100000111110010110110001011111000100001100000011111111000111
1110000111111000001111100000111100000011110000000110000000011000000111110000011111000000111000000011
1110000111111100011110010001111001000011100000001110000000111000100111111010011111001101111000000111
0011111110011011101011111100001111110000001001100101101110010110110001011010100101100110010000111111
1111111111111110001110111000111011100001111110000101111000010111100001001110000100110000010000000011
1111111111111111111110100011110000000111000000011100000011110000000111000000111101001111111111111111
1110100011110111001111111111111110101101100000000110110000010001000011000100000000110000000011011000
0000000001000000001100000000000000011110000011111100010111110110011110000000111000000001001000000000
0000000000000000000000010001110001111110000111110011111111100011111110001111111100111111110000000000
0000000000000000000000010111110001111111000111111001111111100001111110000111111100011001100000000000
0000000000000000000000000000000000111000000011110000111111000011111100000001110000000000000000000000
1110011111110011111101000011110100000111111100111111010100111100110000000011000000011100000000100100
1111111111111101111111100111111110001111110000011110000001111000000111110000111111000011111100000000
1100111111110001111110000001111000000111110000001111100000111110000011110000011111000011111100001111
1111100111100111000010001000001000000010110000010010000000001110000000111100000011110000001111000000
1111100000111110000011111000001111100000111110000000000000110000100001000010000100000000011000000001
1000000111100000011110000001110000111111000011011100111111010011111001001111100100011110110000111011
0000000001000000000000000000000000000000000000000000001000000000010000111000011111111101111111111111
0000001111000000111100000011110000011111000101111100001000110000000001000000000010011011111111111111
0000000000000000000000011100000010110000001011010010111110000001111000000111110000011111001111111110
0000000111000000001000000000100000000000000000000000000000000000000000000000011111111111111111111111
0000000000000000000000011010000001111110000111111111111111110001111111000111110000011111110011111001
0000000000000000000000001010000001111110001111111011111111110001111111000111110000011111110011111111
1111111111111100111111110011111111001111111000011111100001111111000011111100011111110001111111000111
0000001000000000100000000000000001100000000111011000111100000001111000111111111100011111110001111111
1111111111111100111111110001111111000111111000011111000001111100000111110000011111100001111110000111
1111111111110011111111001111111000111111000001111100001111110000111111000011111110001111111000111111
1111000000111100110011100011101110011100111000100011100000001111100001111110000011100000001110000000
1000000011100000001111000000111100110011111000001111100000111100000011111001001111100000111110000011
1100000111110000001111000010011100001001100000011110000001111000000111100000011110000001111000000011
1111100111111100001111100011111110001111111000011011100001001111100000111010000011000000001000000000
1000011111100001111110001000010000100001001011000100101110110011101011011011010101101100110100100111
1000011111100000101100000000111000000011000000001100000010110001000011000101001100000001110000111111
0000101111111100111110110001111110110011111011101111001110111101111111101110111100000000000000000000
0000000011000111000000011110000001110011000111111100011110110001111011000011110100001100000001011000
1111000101100100110100000010110100011011010001101101000110111111101101000110100110000000000000000101
0000000000111110011111110001111111000111111101011111100000000000000000000000001100000111110011101111
0010011111011111101101011111110110111011011101111011111000001110100000110110000011110000001101100000
1101110011111111001111011000011100001000110001000011000000000011001110000001111100000011110000000011
1110000000000000000011110001101110001111100001111111000011111010011111111001111110000111111111011111
0000000111100000100100010000010111110000111100000011110001101111000001110100011011110001111111001111
0000000001000000001111000000111000000011110010001111001011111100001111110000111111110011111101111111
0100100111110010000111110001011100000001110100010010001000001100100000110011000011001100111000110011
1100100001110000001110011011101011111000101111000010111000001111000000111100000011000000001000000000
0000011111000001111100000111110000011111000001111100000111110000011111000001111100000111110000011111
0000111111000011111100001111110000011111000001111100000111110000011111000001111100100111110000011111
1000011111100001111110001111111000111111100001111100000111110000011111000001111100000111111000011111
1110011111111001111111000111111100000111110000001110000001111000000111000000011100000000110000000011
1111001111111100111111110011110011111111001111011100001101111100100000111110000000000000000000000000
1111001111111100011111111101111111001111111100111111110001111111000111111100011101100000110000000000
1111111111111111111111011010111111100000111110000011110000011111000001111100000111111111100000000000
1111011111111100111111100011111100000111000000011110000001111111010111111111000000000000001000000000
0000011000000001110000000111000000011100000001100000001111000000111000000011100000001010001111111111
0011110000000111000000011100000001110000000111000000101110000000011000000011100000001100001110110000
0001111011000101001000001111110001111111000111111100011111110011111111001111110011111111001011111100
0000000110000111111100011101110001100111000110011100011101110001110010000101000000010110001111111111
0111011111111111011111100010111100000011111100010111010001011101000110010100010000010010000110111111
0111000000011100011001110001100111000110011100011001110001100110000111011000010001100001001111111111
0001000101000110011100111011100011101110001110110001100011101110001010011000101000100010110011111111
1111111111111011111110001111110000101111000111011100010101110001000010000000000000000000001111111111
1000110111100111011100011101110001011011000000101100000111100000011110000001000000010100001111101111
0000011111000001111100000111110000011111000001111100000111110000011111000001111100000111110000011111
0000011111000001111100000111110000011111000001111100000111110000011111000001111100000111110000011111
1001111111000111111100001111110000111111000001111100001111110000111111000001111100000111110000011111
0000011111000000111100100001110000001111000001111100000101110000010101000010111100000011111110000111
1111011111111001111111100011111110000111111000001111100000111111011111111100000000000000000110000111
1111001111111100111111101001111110000111111100011111110001111111000011111110001101111000000000000000
1010011111111001111111000111110110011111001101111110100000001001000000110010000011111000001111100000
1111110000111101110011100111001100011100110001100011100010001110001100111000010001111001000111000000
1110001000111000110011000011001100001100110000010011000011101110000110111000011011100011001111100000
0000011111000001111100000111110000011111000001111100000111110000011111000001111100000111110000011111
1110000011111000001111100001011110000001111000011111100001111110000111111000111111100011111110000111
1110000011111000000011101000001110100000111110000011111100001101110000111111000011111100001111100000
1110000111110000011111000001111100000111110000011111000001111100000111110000011111000011111100000111
1111000000111000000011101100001110110000111011000011101100001110100000111110000011101000001111100000
1111000011111000001111100000011110000100111000001111000001111100000111110000011111000001111110000111
1111111100111111111011110111101111001010111000001000111011101000001110100001111100000001111110001101
1111111110111111111011110011101111001110111100111011110001101111000110111100011111110001110001010100
1111111110111111111111110011111111001111111000111111100011111111000111111100111111110001111110000111
1101111110110100111011110011100111001100001100101000010011100000001110000000011100010010001110000110
1011111100111101111011110011101111001010111000101000110011100001011110100001111000000001111110001100
0001111111100111111110001111111000011111100011111110001111111000111111000011111100000111110000011111
1011000000011100111101110011110101001111010111011101001111100001110000011111000000111110000110010000
1110001110111000111011110011100111001110001111111000011001100001110110001111011001111101100100000110
1110011100111101110011110111001001111100100110110011011111000001101100100100110010000000001110011100
1111001110111100111111000011111001000111100111011110011111101001111000100111100000111110000011111000
0000011101000001110000000011111100001111010000111100000001110000001001100000111011100001111110111111
0111011111010100011100010000110001000111000100011100000011110001000111000000011100000001110000001111
1100011111000000111100000111110000000000100000000011100000001111000101111111100111111111011111111111
0111101111011000000101100000010011110011000111110101111100001111110000001111110011000100111111011100
0000001100000101111000011101000011110000010001011000111101100001110111011111100010001100110110111111
1111001111111100110000001000011100100001000011000110101100011000010001000000000111110011111111101111
1111001110010000000011000000010000110001111011000010001100011001110001111101111111110111111111110110
0111101001111000100001110010000011110001000111111101101110000111110000111011000000011111001100010111
1111100001011000000100001000010010110001100011000011001100011001110001111111111111111011111111110001
1111001111111100110100000000011100100001000011000110001100001000110000000011000011110011111111111111
1001100101000000000101001100000100110010011011011001001100111001110010100111110111111011001000110110
1011100101001000010000001000000100110010010011001001001101100001110111100111111010111011001011110111
1111111111111101111000000000011000000001000110000110001100011000110001111101111111111011111111110000
1000000111100001001110011100111000110011100010000100001000001100100000111111000011111000001111110000
0111100000011110000011010000001100000000110000000111111000111111100001111110000111111010001111101000
0000011111000000111100000101110000111111001011111100001011111000111111000011111100000011110011000001
1111000000111100010011110111001111000000111000100011100010001111110000111001000000000001000001111111
1110000111111000011111000110111100000011110000001111000000111100000011111000001111100101111110010111
0110001111011000000010000000001110000000111110000011111000001111000000111100000011110000001111000000
1000011111100000111100000011110000001111110001111110000111111000001111100000111111010011111101001111
0111100001011110000101111000111010000011111100001111110000111101000011110000001111001000011100000001
1100000111101000011110110001111100000100110000000011100000001110000000111000000011100110011110011011
1110000000110011100000000111100000011000101100001000111001000011000001011100011101111111110111111111
0000011111000001111100000111000100011101100001111000000111010000011011000001001110000100110000110111
0000011111000001111100000111110010011111001001111100100111110010011111000001111100000111110000011111
0000011111000001111100000111110000011111000001111100000111110000011111000001111100000111110000011111
0000011111000001111100000111110000011111000001111100000111110000011111000001111100000111110000011111
0000000001000000011100000001110000001111000000111100000110110000111011000011101100001111000000100100
0000111011000011100100000111000000011100000011110000001110000000011000000001111100000101000000010100
0000111001000111111100011111110000000101000001110000100111100010001110000100011000011111100001100100
0000000000000000000000000000000001111000111110000011111100000010010000111001111111111111111111111111
0000000000000000000010011000001101110000100110000011011000001001000000100110000011101000001111111100
0000110000000111111000011110110001111100000111000000011110000011111000001111110000011111000001000100
0011000000000100000000111110001111111110111110000111111000001111110000011111000011111100001111110000
0000000000000001100000001110000111111000011111100000001101001101110100110111100011010100001101001000
0111100000111111100011111010000011101100011110110001110010000111110000011111000001101100000110010000
0000000000000000000000000110000000011100000011111100001111000000011100000001110000000110000000011000
0000011010000000011000000001100001000111110110010011000000001100001111110000111111010011111101011011
0000000001001010111001001001101101000111100100010110000000001100011101110001111011001110111100111111
1110011111111101111111100001111000001111100000111110000001000000001111000001111011000110111111111111
0000000010000000001000000001010111000101111111000111111000001111111100111110101011110110011110000010
0000011111000001111100000111110000011111000001111100000111110000011111000001111100000111110000011111
1111111111111100111111110011111111001111111000011111100001111111000011111100011111110001111111000111
0000000000000000000000011010000001111110000111111111111111110001111111000111110000011111110011111001
0000000000000000000000001010000001111110001111111011111111110001111111000111110000011111110011111111
0000001000000000100000000000000001100000000111011000111100000001111000111111111100011111110001111111
1111111111111100111111110001111111000111111000011111000001111100000111110000011111100001111110000111
1111111111110011111111001111111000111111000001111100001111110000111111000011111110001111111000111111
1110011111110011111101000011110100000111111100111111010100111100110000000011000000011100000000100100
1111111111111101111111100111111110001111110000011110000001111000000111110000111111000011111100000000
1100111111110001111110000001111000000111110000001111100000111110000011110000011111000011111100001111
1111000111111000001111000000111100000001110000000111000000011100110001111100001111111100111111111111
1110001111111000011111100001111110001111111111111111111111101110000110111000010011100000001100000000
1100000111110000011111100001111111111111111111111111111100111110000011110000000111000000011100000001
1111111111111100111111110001111110000011111100011111111001111111000011111100000000000000000000000000
1111111111111110111111111001111111000111111100001111110000111110000011110000000010000000000000000000
1111111111111101111111110111111111101111111100011111110001111110000011111000001100000000000000000000
1111111111111001101111100011111000000111000000001110000000011101100001110000000111000010111110011111
1111111111111100111110000011111110000011100000000100000000101000100000111100000111100001111111000111
1111111111111001111111100011110000000111000000001110000000011101100001111000000111100010111110011111
1111111111111001101111100011111000000111000000001110000000011101100001110000000111000010111110011111
1111111111111001101111100101111000000111000000001110000000011101100001110000000111000000111100011111
1100001010100000100000110001000111100001110100000100000010000000011100111111100011111110001111111011
1111111011111111001111111100110111100011111100000111110000001111000011111100000101111000010001100001
1110001111111100011111100001111110000111110000011111001001111100100111110000011111000011111110001111
1111011111111101111111100011111110001111111000011111100001111110000011111000000011100000000100000000
1111111111111000111111100001111110000111111000001111000001111110000111111000011111100001111110001111
1111001100111100100011100000001111110000111111000011100000111111011111111101111111101110110000010000
1111101111111100111111100001111100000111110011001111000001111100001111110000111111011011111110100111
1111011111111000111111100011111110000111110000011111000001111110001111110000011111000001111100000111
1111100000111000000011000011001000000011101000000110111100011111111111111100000111110000011111000000
0000011101000000111100000101100000011111000110011100011111111001111111100111111011000011101111000110
1111111111111100111111000001111000000111100000011111000011111110001111110000011110000001110000100111
1111111111111000111011100001101100000111110000001111100111111110011111111001111111001101110000100011
0011111110011011101011111100001111110000001001100101101110010110110001011010100101100110010000111111
1111111111111110001110111000111011100001111110000101111000010111100001001110000100110000010000000011
1111111111111111111110100011110000000111000000011100000011110000000111000000111101001111111111111111
0000000110000000011001100001110101110011000111001101011110110101111011111111111011101011101110101000
0111001101011100111101000111100000010110100010001010001100101000110100100010110010001011001110011100
1111001111110110111110001101110000000110000100001010011100101000110110100011010010001001001100011100
1111111111000011111100000011110000001111000000111100000011110000001111000000111110000011111111111111
1111100111111110011111111000111111100011111100001101110000110111000011011100001100110000110011000001
1111011111111100011111100001111110001111110000111110000111111000011111111001000111100000111110100000
1111100111111110011111110001101110000001111000000111100000111100000111110000011111000001111000000111
1111111111111100111111110011111110000011110000000111000000111110000011111111001101101000011110000011
1111111111111001111111000111111100010011111000101111100000111110000011111100000111110000111111001110
1111111111111100111111110011011111000101111100001111100001111110000111110000000011110000001111000000
0000011111000001111100000111110000011111000001111100000111110000011111000001111100000111110000011111
0000011111000001111100000111110000011111000001111100000111110000011111000001111100000111110000011111
1111111111000001111100000111110000011111000001111100000111110000011111000001111111111111111111111111
1111111111110111111111001111111000011111100001111110001111110000111111000001111100000111110000011111
1111111011111111001111111100110111100011111100000111110000001111000011111100000101111000010001100001
1110001111111100011111100001111110000111110000011111001001111100100111110000011111000011111110001111
11000010101000001000001100010001111000011101000001000000100000000111001111111000111111100011111110111111111111111110010110001000011000000000000000000000000000000010000000001000011100111111111111111111
1100000011110010011111011001111111111111111111111111101111000000111100000011110000001011000000101110
1100001111110000111111000001111100011100111111100111111110111111110001111111000011111100000011110000
0111111111111110011111111000111111000111111000001111100000111110010111001000011100100001110110000011
0001111111001111111100100111110010001111001000111111110111111110010111000100001100000000110000111111
0000100111010000011101011101110001001111110100111111010011110100001111000000111100010011110000001000
0001111111001101111100100011110000001111001100111111111011110011100111000000111110000011110000001110
0001111111000100111100110011110011101111000111111101101111110010011111000000111101100011100011111000
1111111100111011111011111111111111111111111111111111111111101110100000001010000000101000000000000000
1110001111011000001101100000010111001000001111110000011110110001111111000111011110011110001000111100
0000001011011111101001111111111111111111111111111101001111110100111110010000010000100110000111111000
1111111011100010000100000010010000001000100000000000000000010010000000001000000011111110001111111110
1101111111110011001110000000001000000000100000000110000000010000000000000001100011111111001111111111
1111111111111110010110001000011000000000000000000000000000000010000000001000011100111111111111111111
0000011111100001111110000111110000011111000001111100000111110000011111000001111100000111111100111111
1111111100111111110011111011001111000011000000000100000000010000000000000000000011110000001111001100
1111110000111110000011111000001110000000000000000000000000000000000011000100001111110001111111011111
1111100000111111000011111100001111000100110000010000000000000000001010000000001100000000110010000111
1111111110111111111011110011101111001110000000010000000000000000000000000000000000000000000000000111
1111111100111111110011111110001111011000111000000011100000000000000000000000000000000000000000000000
1100011010110001001011000000101000000000000000010000000000110000000001000000000111111111111111111111
1110000111111000011011100001101111100111110000110000000001100000000011000000000100000000000000000000
1111111111111111111111110011111011000100000000000000000000000000000000000000000000000000001111101111
1111111111111111111111111111111111001111111000011001100000000000000000000000000000000000000000000000
1110001100111000110011100011001110000100000000010000000000100000000000000000000111111110011111111111
0000001001000000110100000011010001111111111111111101111011100111000000011000011101100011111110000110
0111000011000100100100011110000001111000000111100000010011110001100011000110001101110100111110001111
1111000011001000100100111110000011111000001111100000111111110001100011000110001100010101111101000111
0011101110001000110000110001000011111100001111110000111111000011111100101111110010010000000001000000
