1100111111000000111100001101110001110011001111110111111100011111100011111000001111100001111111001111
1111111111111110111111110011111110000111110000011111110001111110000010001000000000110000000111011010
1111111111111100111111110011111111000111111000011100000001110000000100000000010001000001001110000111
1111111111111100111111110011111110000111111000011111100001111110000000010000000001100000001111011111
1111111111111100111111110001111111000111110000011010000001000001000100001100100011111011111111111111
1111111111111101111111110011111111001111111000011111100000000010000100001100000000111100001111110111
1111111111111110111111110011111111001111111100011100110001000001000000000100000000110011001111111111
1111111111111100111111110011111110000111111100011110100000000001000100000100000000110101001111111111
1111111111111100111111110011111111000111111100010010100000000001000000001100000010110111111111111111
1111111111111100111111110001111111000111111100011111100001111110000011011000001000100000100110000100
1111111111111100111111110011111111000111111100011111110001110110000010001000011000100001100111011010
1111111111111100111111110011111110000001110000011111110001111110000110111000010001100001100111000010
1111111111111110111111110011111111001111111100010010100000000010000000001100000001110011111111111111
1111111111111100011111110001111110000111111000011111100001111100000000100000010001100001101111000111
1111111111111110111111110001111111000111111100011111100001111111000010011100001000100000100011001000
1111111111111110111111110011111111000111111100011111110001111110000100111000010001100001000111000000
1111111111111100111111110011111111001111111100010010010000000011000000001100000011110011111111011111
1111111111111100111111110011111111000111111000011100000001110000000100100000010001100001001110100100
1111111111111100111111110001111110000111110000011010000000000001000100000100000010110111001111011111
1111111111111100111111110011111111001111111100011010100000100001000000001110000010110101001111111111
1111111111111111111111110011111111000111111100011110000001111000000110110000010001100001000111000010
1111111111111100111111110011111110000111110000001111000010001100000000110000010011000001011110000111
1111101111111100011111110001111110000111111000011111100000000110000000001000000101100000010110000111
1111111111111101111111110011111110000111111000011000000000000000000000000001000011100111111111111111
1111111111111101111111110011111111001111111100001000000000000000000000000100000011110011111111111111
1111111111111111111111110011111111001111111000001000000000000000000000000001100011110111111111111111
1111111111111100111111110011111010000111110000001111100000001100000000110000010011100001011110100111
1111111111111101111111100010111110000011010000000100000010010000110001000010110111101011111111111111
1111111111111110111111111001111111000111111100011000010000000001000000001100000010110011111111111111
1111111111111100111111110011111110000111110000001111000000101100000100110000001011000000101110000010
1111111111111100111111110011111101000111111000001111100000111110000010010000011101100001110110011001
1111111111111101111111100111111110000011110000011111000011101100000100110000111011000001100110000110
1111111111111101111111110111111110001111111000011000000000000010100000001110000000110010001111111111
1111111111111101111111110001111110000011110000111111000000101100000110110000011001000001111110100011
1111111111111101111111110011111110001111111000001000000000000000000000001000000010100111111111111111
1111111111111110111111110011111111001111111100011000110001000011000000001100000001110000001111011111
1111111111111001111111100111111110001111110000111111000001101100000000100000000111000001111110000111
1111111111111101111111110011111111011111101001001000000000000001000000000100000000110011011111111111
1111111111111110011111111001111111100111111100011111110000111110000010100000001100000000110110000011
1011111011101111101110111110111011001011101000101110100010111010001011100001101110111100111000000111
1011111001101111110110011111011101001101110100010111000001011100001101110000110111001111010110000001
1011111001101111110110011111011101001101110000010111000001011100001101110000110111001111011110000001
0001110011001111101100111110110010011011001000101100100000111010000011100100101110110110111011111011
1111111111111111111111111101110111100111000010001000000000000000000000110000011111111111111111111111
0011111011011111101101111010110110001011001000101100100000111010001011101001101110111110111011110011
1111111111111100111111110011111100000011111100011111110011111110000100111000000011000001001100000100
1111111111111100111111110011111110000111110000001111100001111110000110011000010001000001001100000010
1111111111111100111111110011111110000011111000011111100011111100000000110000010011000001001100000101
1111111111111100111111110011111111001111111100010010010001000001000000001100000011110011111111001111
1111111111111110011111110001111111001111111000100100100000000010000001001100101111100111111111111111
1111111111111100111111110011111110000111111000011111100001111110000100111000010001000001000100000000
1111111111111110111111110001111110000111111100011010100001000000000000000100000011110101111111111111
1111111111111110111111110011111111001111111100011000010001000001000000000100000011110011111111011111
1111111111111100111111110001111111000111111100011111100011111110000010011000011000100001000100000100
1111111111111101111111100011111000000001111000011111100001111100000110110000011001000001110000000011
1111011111111100111111110011111100000111110000001111000000011000000001100000001100000001110000000111
1111111111111100111111110011111111001111111100001010100000000000000000001000001010100011001110111111
1111111111111101111111100011111110000111110000011111000001000000001100000000011100000001110110010111
1111111111111100111111100011111110001111111000001000100000100000000010000000001001100011101110111111
1111111111111101111111110011111110000111010000010000000001000000000100001000010001110011111111111111
1111111111111101111111110011111110001111111000001010000000000000000000001000000000110110001111111111
1111001111111100111111110011111110000111110000001110000000011000000000100000011110000011110000001111
0111111101011011110100000001010100001101010000110100000000010000000101101001110110101111011011111011
1111111101111111110101010111010100011101010000100101000010010000001001000000100100000110111011111011
1111111100111111110001111011000110001101011000110101100001010010000101101000010110110001011011111101
1111111011011111101101101110110100011011000000101100100000110000001011011000101100100110111011111011
0111111101010011110100000001010100001101010000110100000010010000000101101111110110101111011011111011
1111111111111111111111111111110000000000000000000010000100001111111111111111111111000011111111111111
1111111111111111111111110011010111000101000100000000010000000001000001000111000100011110000101000111
1001110001100010000010001000001000110001100011100010011111011010111101101011010111111101111111111111
1111111111101100110110010011010011011101101100110111111000011001100000110000010010001001001100100001
1111111111111111111111011111111100100000100000000010000100001001100000000110000000001000001110100000
1111111111111111111100011111110000011111100011111110011111111011111111100001111100000000001000111100
1111111101100110000010001000011100111111110001100111000111110000011011100001110000001110001111111111
1111111111111110111110111110011000001001100000000110000001011000001101000000010100100001011110001101
1111111111101101100100110010010001011000100100010110010011001001000100000100000010010011011010001101
1111111111111110110111111000000001000000000100000000010001111110000001100111111100010000010000000111
1111111111111110110111111000011111000001011100000000100000000010000111111000000111000011111100000111
1111111111111111111110011011111000000111100000001110000000011110000011111000110111000001001100000100
1111111111111111111101000101111100000111000000011110100001111111000111111000010011100000001100001100
1111111111111110011110000001111000000111010100011101000001111111000001111000000011100000001110000001
1111111111000100111111000001111000001111000000111111100010011110000000110000010011010001111100011111
1111111111111100100111100000100001000000000100000011110001111110000111111111111111110001110000000111
1111111111111110110111110001011111000101001100000000110000000010001111111000000111000001110000110011
1111111111111110110110011011001001000000000100000000010010000001001000000100100100000000000000100100
1111111111101110110110011011000001001100000100110010010010011001001000000100100000110010011111011010
1111111111111111111110110011000001000000000100010010010011000001001000000000100000000010001111011111
1111111111101110110110010011000001001000100100100010010011001011001001101100101100000010010000000000
1111111111101100110000110011000001001000000100100000000011011001001001000101100000000110011011111100
1111111111100111001110011111111000111111000011111100011111110001111111000110100100010110000001000000
1111111111000100111111000001111000001111000000111111100010011110000000110000010011010001111100011111
1111111111111100100111100000100001000000000100000011110001111110000111111111111111110001110000000111
1111111111111110110111111000000001000000000100000000010001111110000001100111111100010000010000000111
1111111111111110110111111000011111000001011100000000100000000010000111111000000111000011111100000111
1111111111111111111110011011111000000111100000001110000000011110000011111000110111000001001100000100
1111111111111111111101000101111100000111000000011110100001111111000111111000010011100000001100001100
1111111111111110011110000001111000000111010100011101000001111111000001111000000011100000001110000001
1111111111111110110111110001011111000101001100000000110000000010001111111000000111000001110000110011
1111111111111111110110111011001011001100000100100000110010000011000000000100000000010100000011110010
1111111111101110110010010011001001000100000000000000010010001011000101101000010111100001011111000111
1111111111111111111111110011111011001001000000000010000100000001010011001101111000010011000001000001
1111111111101110110110010011011001001000000000100000000010000001101100000110100000011110001111111101
1111111111111111111110010010011001001001000100100010010010000001001001000111100000011110000111111001
1111111111100111110010011011001001001000100100000011000001001000011000100000000000110000011111001111
1111111111101110110110010011001011000000001100000000110000001110001101111000110111100001011111001111
1111111111111111101100110110010000001001100000110110010000001001001100100100010011110001101111000110
1011101011101110110100110011010001000001000100000100110010011010011001101100110110110011011011001111
0000000100110110110110011011010001001101000100110010000000001001001000101101110110110111011011001001
1111111111111111111011010011101001001000100000000000010010010001001001000101100100011110011011111101
1111111111111110110111111011010001001000000100100000010010000001001000000111100000011010001011111010
1111001111111100110110010011010001001000000000100010000000000001011001000100100100110010010011001001
1111111111111111111111111111110000000000000000000000000000010000000001111110000011111001001111100000
1111111111100011000100100000000010000000011100000000000000000000010001000000000000000000001111111111
1111111111100011000100100000000010000000001000000000100000000000010001000000000000000000001111111111
1011100011100100000110000010001111000000101100110010010000011111000001111100000111110000011111100011
1101111111100111101110011100111000110001000000000000000000000000000000000000000010000000001111110001
1100000000000111110100111011110110000110111111111101111111111111111111111111111110001111010000000000
1111000000110011101110011110111011001110011111110001111111100111111110010111111010000111001000000000
1111111111111111111111100001111100000011110000001111000000111100000011110000001111000000111110000111
1111000000110011101110011110111011101110011100110001111111100111111110010111111010001111001000000000
1100000000000111110100100111110110001110111110111101111111111111111111111111111110001111010000000000
1111111111111111111111100001111100000011110000001111000000111100000011110000001111000000111110000111
1111000000110011100110011110110011111110011111110001111111000111111110010111111010000111001000000000
1111111111100111111110011000011111000001111100000111110000011111000000101000000010100000001111111111
1111111111111001100110000000010000000000100000000011000001101100001111100000111110000011111111111111
1111111111111111111111000110011000000000100000000011000000001100001111110000111110000011111111111111
1111111111111111111111000010011000000000000000000010000000001100011111110000111110000011111000001111
1111111111111111111111000000011000000000100000000011000001001100011111100000111110000011111111111111
1111111111110001100110000000000000000000100000000011000111111100011111100000111110000011111111111111
1111111111110001100110000000010000000000100000000011000111111100011111100000111110000011111111111111
1111111111110001100110000000010000000000100000000011000111111100011111100000111110000011111111111111
1111111111111101100110000000010000000000100000000010000001101100011111110000111110000011111000001111
1110000111100000001110000000011100000001111000011111100001111110000111110000011111000000111111111111
1111101111110000001110000000111000000001100000000111000000111110000111111000011111000001111100000111
1110000111100000000100000000001100110011110000001111000000111100000111110000001111000000111100000011
1111001111110000001110000000011000000001111000011111100001111110000111111000011111000001111111111111
1111101111110000001110000000011000000001110000001111000000111100000011110000001111000000111100000011
1110000111100000001110000000011100000001111000011111100001111110000111110000011111000001111111111111
1111001111110000001110000000011000000001111000001111100001111110000111111000011111100001111111111111
1111101111110000001110000000011000000001110000001111000000111100000011110000001111000000111100000011
1111111111111100111111110011111111000011111000000111000000011100000011111000101111100000111110000111
1111101111111111100011111110001110000000110000000011110000001111000000111100000011110001001111010111
1111111111111110110011111110001111000000111000000011000000001110000000111000000011110001001111000110
1111111111111110110011111110001111000000111000000011100000001111000000111000000011100000001111000011
1111111111111110110011111110001111000100111000000011000000001110000000111000000011100001011111000111
1111111111111110110011111100001111100000111100000011100000001111000000111100000011111100001111100001
1111111111111111111111111101101100110011100000000011001000101100000000110010000011111000111110100011
1111111111111111111011111111101100110001100000000011000000101100000000111000000011111000111110100011
1111101111110011011110000000011000000001101001100111000000011000000111110000111111000011111110101111
1111111111111110111111111100011111100001111100000111100000011110000011111100000111110000111111000011
1111111111111110000111111100011111000001111000000111100000001110000011111000000011100000111110000110
1111111110111110110011111001001111000011111100000011100000001110100100111100000011110011001110001111
1111111111110001111111001111111100011111110000111100000011110010011111001000011111100001111110000011
1111000011111100000111110000001111000000011100000001110000111111000011111101001111110100111111110011
1111100111111111011111111111111111100010111010001011100000101110001110111000000011101000001110000111
1111110001111111000011111000001111000010111000001011110000111111000001111000001111100000111111010011
1111111111111111111011111101101100110010100010000011000000001100000000110000000011110000011111101001
1111111111111111111111111111111110110110100010000010000000001100000000110000000011010000001111001001
1111111111111110011011111101111111000010111100000011110000001111000000111100000011100000111110000011
1110100000111000000111101111111110000101110010000111111110011111110011110000001011100000111110000011
1111111001111100000111111000011110000001111111110111101110111111111000111000000011100000001100000000
1111100000111110000011111110001111111000111111000011100000001111000001111100000111110001111111000111
1110100001110000000111001000011111111011110111101011111110101111100010111000001011100000101100010011
1111100000111100000011111100001111000100111100111011110100011111111101111000000111100000101111000011
1111111000111110000011111000001111101100111111100011110000001111000000111100000111110001111111000111
1111100000111110000011110000001111101000111111000011110000001111000000111100011111110001111111000111
1111110000111110000011111000001111001000111110100011110000011110000011111000001111100110111111111001
1111111000111110000011111100001111000000111101110011111101001111110000111100000011110000111110000111
1111111111111100000111110000001111000001111111110111101110111110111001111111100111100000011110000000
1111111111111000011111000001111100000011110000001110000000011000000001110000000111000000111111111111
1111111111111000011111000000111100000011100000000110000000011100000001110000000111100000111111111111
1111111111111000011111000000111100000011100000000110000000011000000001100000000111000000111111111111
1111111111111000011111000000111100000011100000000110000000011000000001100000000111000000011111111111
1111111111111000011111100000111100000011100000000111000000011100000001110000000111000000111111111111
1111111111111000011111000000111100110001100001000110000000011000000001100000000111000000011111111111
1111111111111000011111000000111100000011100000000110000000011000000001100000000111000000011100000011
1111111111111000011111000000111100000001100000000110000000011000000001100000000111000000011111111111
1111111111111000011111000001111100000011110000001110000000011000000001110000000111000000111111111111
1111111111111000011111000000111100000011100000000110000000011000000001100000000111000000111111111111
1111111011100011000110001100011000110001100011000111111110011101110001110011000110001000001111100000
1111111111111111111111111111111111111111111111111110111100011000100000100010000010001000001000100000
1111101001100000000000100000001110000000111100000011111111111101110011111111010111111100011111111111
1111001111000000011100000001110000000111111000111111111111111000110001100011010110001101011111111111
1000110001000000000000000000000000011111000001111111111111111101111111111111011111111111111111111111
0000000011000000000000000110000000110100001111000000001110010000001111001111111111111111111111111111
0000000111000000000100001000000000100000000011000000001000110000111111011111111111111001111111101111
0000000011000000000000001100000000100000001111000100001001110001111111111110001111111111111111111111
0000000101000010010000000010000010111000001011100000011110010001111111000111111100111111111111111110
0000000001000010100000000011000010111100001011000000011100010001111111000111111100111111111111011100
0000000011000000000000000000000000111000000111100001111110010111111111001111111100111111111111011100
0000000011000010000000001000000101100000010110000000110000110001111111000111111101111111111111101100
0000000111000000000000000110000000110000001111000000011100110000011111001111111111111111111111111111
0011111100011111111001011111101101100011010000000101111100100001100010010110000001100000001111000110
0000001111000000001100001000000000100000110111000000001100110000111111011111111111111101111111111111
0000000001000000000000000000110000000111100001110111111111111111111111111111110011111111011111111111
0011100000001111110100111111110111111110011111110001111100000111100000011000000000100000000001100000
1111000000111111110010011111101001111111101000011110001001111011010111110000101110101111001000110000
1111000100111111111111110111011001111111100000001111000000011100010011011101001101110100010000000001
0000000011000000111100011111110001111111011111111111011111111101111111000011011100000001110000000000
0110000000111111100011111111011011111101101111110110000111010001111101011111100100111100010010000000
0100011110011111111100111111111011111111001101111110110111011100000010010000010000000001000001011000
1111000000111111110011111111110011111110001111101100111111111011001111111010111111000001000100000000
0010000011111111111111111111001111111100111111100001011100000111110000011111000011111000000001000010
1100110011100000000100000000001100000011111011101111000000111100000011110000001111000000011111111111
0111110000000000000000000000000000000001000000000011111111101111111110111111110001111111000000000000
1111111111111111111111111111111111111111111111111111111111111111110001100000000010000000001001000000
1111111111110000001110000000010000000000100000000111100000111100000011110000001111100000111110000111
1111111111111111111111111100001111001000111100000011100000001100000000110000000011000000001111100000
1111111111111111111111100000111000000001110000000111000000111100000011110000000111111100001111111100
1111111111111111100011111110001111001000111100000011110010101111110000110100000011010000001100000000
1111111111111111111111000000111000000001110000000111000000111100000011110000001111111111111111111111
1111111111111111111111000000011000000000110000000111000000111100000011110000001111111111111111111111
1110000111100000001110000000011000011001110001101111000110111100000011110000001111000000111100000011
1110100111101111111101001101110000110111110011111101001011110100111111010001111101000000010000000001
1111111111110000011111000000111000000001110000001111100001111110000111111000011111100001111111001111
1111111111111110110110011011001001000000000100000000010010000001001000000100100100000000000000100100
1111111111101110110110010011000001001000100100100010010011001011001001101100101100000010010000000000
1111111111111111111110110011000001000000000100010010010011000001001000000000100000000010001111011111
1111111111101110110110011011000001001100000100110010010010011001001000000100100000110010011111011010
1111111111101100110000110011000001001000000100100000000011011001001001000101100000000110011011111100
1111111111100111001110011111111000111111000011111100011111110001111111000110100100010110000001000000
1110011111110001111111001111111101111111110000011111000001111100000111111000011111111011111111111111
1110011111110001111111000111111000001111110000011111000001111100000111110000011111100011111100011111
1111001111111100111111110001111111001111111000111111100011111110000111111000011111100101111111111111
1110011111110001111111000111111000001111110000111111000001111100000111110000011111100011111110011111
1111011111110001111111000111111100011111110000011111000001111100000111111000011111111011111111111111
1111001111111100111111110001111110111111111000111111100011111110000111111000011111100101111111111111
1111111111111111111111000000111000000001110000000111000000111100000011110000001111111111111111111111
1111011111111111111111111111110000000001000000000100000000010000000000111111111111111111111111111111
1100011111111111111111011110010000000000000000000010000100001111111111111111111111111111111111111111
1111111111111111111110000000110000000000000000000000000000001110010000111111111111111111111111111111
1000011110111111111111111111111100111000000001000000000000000000000001000000000011111111111111111111
1000011110111111111111111111110000000000000000011000000000100000000000111111111111111111111111111111
1111111111111111111111110111100000000000000000000000000000000000000000111111111111111111111111111111
1001110111111111111111111111110000000000000000000000000000001000010000111111111111111111111111111111
1100011111111111111111111111110000000000000010000100000000000000000000111111111111111111111111111111
1111111111000000000011111111111111111111000110000000000000000000000000001000001011111111111111111111
1111111111100010010110011100011110010001010000000001100000001100010000110011000011000000001100000001
1111110111111111001111111100111000010001110000000010000000000000000001000000001100000000010010011011
1111111111100110001110001100111000110001100010000110001000011000100000100000000010000000001111000001
1111110111111111001110001000001111100000111110000111111000011001100001101010000010000000011111000001
1111111111110111011110000110010001010000100100000010010000001001000000100100000111010000011111000111
1111111111111100000010000000011011000001101101000010111000011111100001101100000111110000011011101011
1101111111000010111100010100001000010000001100100001110011101111101110100010111100000011110100011101
0101111111000101111000000111101000011110000001111010000111111000011101100001110110000000001000000010
1111111011110011001110001100111000110001100001000100000000010000010001100001000100000100011001110011
1111100000111100000011111000001111001000111101100011111100001111110000111101100011100010001100001000
1111000000111100000011111000001111000100111101100011111100001111111000111111100011110010001110100001
1111111101111111000011111100001111000000111100000011110000001111000000111100010011110001111111011111
1111110001111101000111100000011110000001111000000111100000011110000011111100011111110101111111111111
1111100000111111000011110000001111000000111100000011110000011111000001111100011111111011111111101111
1111100000111110000011111000001111100000111111100011111110001111111000111111100011110010001110000001
1111100000111110000011111000001111100000111111100011111110001111111000111111100011110010001110000001
1111000000111100000011111000001111000100111101100011111100001111111000111111100011110010001110100001
1111100000111100000011111000001111001000111101100011111100001111110000111101100011100010001100001000
1111111111111111111111100110101100000000100000000011000000001100000001110000001111000000101111111111
1111111111000000000000111111111001111111111110111111111101111110000011111111111111111111111111111111
1111111111111111111111111111111111111111100101000000000000000000000000000000000011111111111111111111
1111111111111111111111111111111111111111000100000100000000000000000000000000000011101101111111111111
1111111111111111111111111111111111111111111111111100000000000000000000000000000000000000001111111111
0000011111000001111100000111111100011111110101111111010111110000011111000001111100000111110000011111
1101011111000001111110000111111000011111100001111110000111110000111111000011111100001111111000111111
1001111111100011111110001111111000011111100001111100000111110000011111000001111100000111110000000000
1101110001110010000011000000001000011111101001111111100110011110111101111011000010001100001011111001
0100110001010001000000000000001100000000110011000011000100001000010000100001000010000100001111111001
0000000011001100000000000000001111100000111110011111110000111110000000111000000111100000011111111111
0001000101000010000010000000001111100000111110001111110000011110000001111000000111100000011111101111
1000011111000000000100001000001110000000111100000011100001111100000111110000011111000001111111110111
1000111111100001001100000000011100100011110010011110001000001000000000100000000010000000001111110001
1111111111111111111111111111111011001101000000000000000000001000000000110011000011111111111111111111
1100011111111111111111111111111111111111000000000000000000000000000000000000000011111111111111111111
1100011111111111111111111111111111111111000000000000000000000000000000111111111111111111111111111111
1111111111111111111111111111111111111111000000000000000000000000000000111111111111111111111111111111
1111111111000000000011111111111111111111001000111100000010100000001001111111111111111111111111111111
0000000000111101111111111111111111111111101111111100000000000000000000111111110111111111111111111111
1111111111111111111111111111111110011100100000000010000000001100000000000000000000000000000000000000
0000000000011100111101111111110000111111000000001100000001100000111100000001110000000000000000000010
1110110011111000001111100000111110000111111000011101000001110100000011010000001101000000111100000011
1111111111111111111111111111111111111111010100000000000000000000100000000000000011111111111111111111
1111111111111111111101111111111100011000110000000011000000001000000001000100000111111111111111111111
1111111111111111111100111111110000000101000000000000000000000000010000000000000000001111111111111111
1111111111111111111111100000011110000000100010000010001110001000000001110000000111110000111111000111
1111111111111111111110111111000000000000000000000000000000000000000000000000001111111111111111111111
1111111111111111111100111111110000000000100000000000000000000000000000000000000010011111111111111111
1111111111111111111111111111110000000001000000000100000000010000000000000000000011111111111111111111
1111111111111111111110111111111111111111000000000000000000001010100010101111111111111111111111111111
1111111111111111111111111111110000000000000000000000001000000000000000111111111111111111111111111111
1111111111111111111111111111110000000000000000000000000000000000000000111110111111111111111111111111
1111111111111111111111111111111000011111000000000000000000000000000000111111111111111111111111111111
0000111111000011111100001111110000111111000011111110111111110000111111000011111100001111110000111111
1111111111110011111111000011111100001111100000111110000011111100001111110000011111000011111111011110
1000110111110011011111000011111100000111111000111101100011110110001111111000111011100011111111011110
0000001111000000111111001011111111111110111111100010011100011001110001101111000110010000011000000000
1000000011100000011111100011111111111110111111110010011110011011111001001111001100000000110000000000
0111100000111100000011111000001110000000111000010000010000111101100111100110011100011111110000111111
1110000001111000000011000000001110000000111100000111000000011000000011000000011100001111110000111111
0000011111100011111111110111111111111110100000111100000011110000011111000000111100000011100000001101
1000000011111101111111111111111110000011110000000100000001110000000111000000000100000000110010000011
1110001111111110111111111111111000001111000000010100000111110000001111000000011101000011000000000000
1000001111100001111111101011111111101110111000011010000011111000001101000100000100000000110000000010
1100000111110000011111100011111111000111111000000111000000111000000011000000001100000000110000000001
1111111111110011111111001111111000011111100000111100000011111000011111110000111111000011111110011111
0000000000000000000011111111111111111111111111111111111111111111111111111111111100000000000000000000
0000000000000000000011111111111111101111110111111100011111111111111111111111111100000000000000000000
0000000000000000000011111111111111111101111011110111011111111111111111111111111100000000000000000000
1110000000111100000011110000001111100000111010000000010001111110001111111011111111111111110111011111
1111111111111111111111110011101111000110010100011000010100000100001100000000001100000000000000000000
1111001111000110111100010001110001000011000100011100000001111111000111111111111000001000000000000000
1111000111110011111110000110000000011110000011100000001110000000111000000111111111110000000011111111
1110000010110000011011011000001111100000111110000011110001111111111111111111000101101000000000000000
0000001111000000100100000010010000001001100010100110000000011000000001111001111111111110011111111111
1111111110010110001000001000000010000000010000110011000110001000011000110111111011111111111111111111
1111101111000001000000000000000010000110001000011011111101101111110111110011011110101011111111101101
1011011011000000000000010010000001001001100100101110010011010001000001111100111111110011111111111111
0000000000000000000011111111111111110111111110111111111001111111111111011111111100000000000000000000
0000000000000000000011111111111111100111010110011101000001010111000111111111111100000000000000000000
0000000000000000000011111111111111001111111100111111100011111110001111111111111100000000000000000000
0000000000000000000011111111111111111111111111111111111100011111010111111111111100000000000000000000
1100010011111000000111100001011100000001111001001111110000111011000011001100101100001010011101101101
0011111011000110001100011000000000110000100010000110001000111000100001100000100111111001001111100001
0000011111000001111100000111110000011111000001111100000111110000011111000001111110111111111111111111
1000011111000001111100000111110000011111000001100100000111111000011111100001000110011101011111111111
1111111001111100011011110001011111000111111100111111110000001111000011110100010011010000101111100000
1111110001111100110111110001011110000111111000011111100000011111000110110100011011010000001111100000
1101111101110111100110001100010000011001100011000111001110111100110011001001000110011000011111101111
1111111111101110110100010110010000000000100000100010000011011001001101010110110111111011101111111111
1111111111111100111111100011111110000111111000111111100011111111000110110000000011000001000011111100
1111110001111100011011110001011111000011111000011111100000001111000011110000010011000000101111100000
1111111111101100100110110010011011000111101100011111100001111010000101101000100110100000011111000101
