1001110001111111000111111100001101110000100111000010011100001101001100111110011011110011001111000000
1001111111000111111100011111110001111111000111111100001111110000111111000011111100001111110000111111
1111011111100000011100000001110000000110000000011000000001100000000110010000001111000001111100001111
1110100111111100011111110000110011000111000000011100000001110111000111000000011100001001111111111111
0000001111000000111111000001110100000111010010001100001101110000110111010001011111001111111111111111
1110010111111000000111000000011100000000110000000111000000111100000001110000000111100000011110001001
1111011111111100111111100001111110000111000000011100000001111000010111111001011100000001111110111111
1111111001110111000110001110011000101001000010000100001000010010111001101010000100011110011111111111
0000000011100000001111100000110110000011111001001101000101111100110111100110011111111111111111111111
1111000111111000011111110001110010000111000000011110000001111110000111000001011111100101111111111111
1111111111111000001110000000010000000001100000000111110000011111000111111100000111100000011111001001
1111011111111100011111100001111110000111000000011110000001111000010111111101011100000101111111111111
1101111001110011000110001100011000110001000010000100001000010000110101110011010100001101011111111111
1111100111111100011111110001110001000111000000011100000001111110000111000000011100010111111111111111
0000000111000000011110000001111010000011001001001100100100111110011011111001111111101111111111111111
1110010111110000011111000000110000000001100000001110000111111000011111110001111100100100111010010011
1111111111111100011111100001111110000111000000011100000001111000010111001001011100000001111100111111
1101111101110011100110001110011000101001000010000100001000010000110001100010000100001111111111111111
1110001111111101111111110011110011011111000000111100000011110010101010000000000000000010110000101111
0000011111100010111100001011110000100111000000010000001100110000110011000000011110001001111110111111
1110000011110000011110000001010000000001000001000110000101110100011111000011111000001111110000110011
1111001111111000111111100011111100001111000001111100000011110000110111000001011100000000000000101001
1101110011100111101110011110110001110011001110001100011000110010100000101010000000000000100011100001
1111100111111100011111110001110011000111000000011100000001110111000111000000011100110011111111111111
1000000011100000001110110000111000000011111100001100000000110010010011110011001111111111111111111111
1111011111110000011111000000111000000001100000000110000000011000000011110000001111000000011100000011
1111001111111100011111100001111110000111000000011110000001111000010111111101011100000011111111111111
1101111001110011100110001110011000101001000010000100001000010000111001100010000100011110111111111111
1111100111111100011111110001110011000111000000011100000001110111000111000000011111111001111111111111
0000000111000000111101000001110000000111110000011101000100110100110011111011011111101111111111111111
1111100111111000011111000000111000000011110000000111000000111100000111110000001111000000111110010011
1110111111111001111111000011111100001111000000111100000011110000101111001010111100000000100001111111
1101111001110111000110011110011001111001000110000100001000010010111001101010100100001110111111111111
1111100111111100011111110001110011000111000000011100000001110111000111000000011100000001111110111111
0000000011010000001100000000111110000011000001001101001101111100110111110011011101111011111111111111
1110001111110000011110000000111000000001100000000110000000111000000011100000011111000001111100010011
1111001111111100111111100001111100000111000000111100000011110000000111011000011100000001111000111111
1101111101110111100110001110011000101001000110000100011000010010111001101010000100101010011111111111
1110000111111000001111100001111100000111111000001111100000111110010011111001011111101101111110110111
1111000111111100011111110001110011000111000000111100000011111111000111000100011111110011111111111111
1100000011110000001111100000111110000011111001001111100101111100110111110011011111111111111111111111
1111011111111000111111100011111100001111000000111100000011110000000111111000011100100001111111111111
1111111001100111000110011110011001110001000111000110001000010010110001101011100110111110111111111111
1001111111100111111100001111110000111111000011111100001111110000111111000011111100001111110000111111
1111111111100011010100011100010001110001000000000000000000001000000001100000000010000000111111111011
1110001111110000111100001000110000000011000000001100000001110000000011000000001100000000111110110011
1111011111111100111111110001111100000111000000011100000001110000000111000001011100000011110000111111
1111100111111100011100110001110011000111000100001100010001110001000111000000011100011011111111011111
1111111001110111100111001110010000111001000010000100001000010000101001001010000100011111111111111011
1111001111111000111101100011110110000111001000011100100001110011001111000100111101111111111111111111
1110001111100000011100000001111110000011110000001100000000110000000011111000000111000000011100100111
1111011111110000111100000000111010000011110100001100000000110000000011111000000111100000011111010111
1111011111111000111111100011110010001111000000111100000001110000000111000010011100001111111111111111
1111111011100111000110011100011001110001000110000100001000010000101001001010100101111111111111111111
1111001111111000111101100011110110001111000000011100000001110001000000000000011100000111110011100111
1111001111110000111100000100110001010011000000101100000011110000001011000000101100000010110110011011
1111001111110000111100000100110000010011000000101100000011110000001011000000001100000000110111000011
1111001111111100111111110001110001000111000100011100000001110000000111000001011100000011110000101111
1101111011110111001110011100110000110001000110000100001000010000100000001010000100111000111111101001
1111001111111000011101100001110010000111000000011100000001110001000111000000111101110111111111111111
1111001111100000010100000000011101000001111000001100000000110000000011111000000111100000011110010111
1111011111110000111100000000111001000011100000001100000000110000000011111000001111100000111111001011
1111101111111100111111110001111001000111000100011100000001110000000111000001011100000111111111111111
1101111001110111000110011100011000110001000010000100001000010000100001001010000100111111111111111111
1111001111111000011101100001110011000111000000011100000001110001000111000000111101110111111111101111
1111011111100000011100000000011110000001111000001100000000110000000011110000001111000000011110000111
1111011111110000111100000000110000000011110000001100000000110000000011011000000111100000011111000011
1111001111111100111111100001110000000111000000011100000001110000000111000000011100001111111111111111
1101111001110111000110001100010000110001000010000100001000010000101001001010100101111111111111111111
0000111111000011111100001111110000111111000011111100101111110000111111000011111100001111110000111111
0110111110011011110000011110001101100000111101000001110010000111000110000000011110000011111110001111
1011111100101111110000111100000110010000011101000011100010001110100000011010101101100011100000001111
0110111111011011111000001000001011110000111100000000110001000010001111100000111111000001111111101111
0100111110010011110000011100000101110000111100000011110000000111001100000000111100000011111100111111
0100111110010011110000011100000101110000111110000011111010000110101110000010011100001001111100111111
0111111100000011100000001000001010110000111100000000110011100000001111111001111111111110111111111111
0110111110000011100000001000001110000000001100000000010111101100011111111111111111111111111111111111
0011011110000001110000000000001111010000001100000000000011101100011111111111111111111111111111111111
0011011110000001110000000000001110010000011100000000010011101000011111111111111111111111111111111111
1100110100100000110000000010000010001000111000000011100000111100000011110000001111000000111000000111
0011111110001101111000110111100011100110001110011000110000100010000010111000000011110000001111011000
0111111110011100111001111001100111000110011000001001100000100110000010111000001011101010001111101001
1011111110101111111000111011100011100110001100011000110001100011000010111100001011100000001111000000
1111111110011110111001110111100111011010111000001011100000101110000000111000000011100001101110000010
1111111110011110111001111011001110100100111000000011000000001110000000111000000011100001001110000100
0111111001011110100101110000010110001000011000000001100000001111001000111100111110110011111110011000
1011111100101111110010011111001011101100101100010010110001001111000000111101011111101100111101000100
1001111100100111110010011111001001001100100100010010010001001111000000111101011111101100111101001100
1011111100101111110010011111001011101100101100010010110001001111000000111100011111011001111011001000
1011111110101111111010110111100011000110001000001000100001100011000010001100000011110000001111000000
1011101110111110111011011101101100110010110000001011000000001101000000110110000011111000001101000000
0011111100001111110000111111010011101100001000110000100011001111001100111110111111001000111111001100
0111111001001111100100111110010011101000001100000000110100001111010000111110011111001000111011001100
0111111001011111100101111010110110100001011000000001110000001111000000011101011110011100110110000100
0111111001001101100100111110010011101000001000000000110000001111000111111110011111000000001001100011
0011111100001101110000111011000011001100001100110000100000001111000000111111011111001100111111011000
0111111111010111111101111011110110110111011001000001100000000110000000011000000001111000001110100000
0111111111010011111101111001110111000111011100011101100001110000000111000001011111110001110110001111
0111001111001110111101101000010110110011011010000101100001110100000111000100001111100001110110001111
0111111001011101100101110010010110001000011000000000100000001111000000111110011111111000111110001000
0001100000011110000011111101101111111110111111111011111111100111110110000111100010001000000010100000
0001100000111110000011111011001111111110111111011011111111101111111100111111010010010100000001110000
0001100000011110000011111101101111111110111111111011111111101111110110000111000010001000000010100000
0000110000001111000001111001001111110111111111111111111101111111110110001111011011101100000000100000
0000110000011111000011111001101111100110111110111011111111100111110100110011000001111100001100100000
0001100000011110000011111011001111101110111111111011111011101111011110010111000011001100000000100000
0001100000011110000011111011001111101110111111111011111111101111011100011111010011010100000001110000
0001100000111110000011111011001111111110111111011011111111101111111100011111010010010100000001110000
0000110000011110000011111001001111100111111111111011101001101111100110011111111011011110000001100000
0001100000011110000011111011001111111110111111111011111111101111111100010111000010011010000001101000
0001111100011111110000010000000001010000000111100000111111000011111100000111110001100111000111001100
0111110000011111000000100100001000010000110011100011011110001101111000110111100000011111001101100100
1101111000110111100000101100000010110000001111110000111111000011111000000111100011110110110110101001
1011110000101111100000111100000010110000001111000010101100000010111000001111110010001111111110011001
0101111000010111100000010000000001110000000111110000011111000000011111101101001111001111101110000011
1101111000110111100000010000000000010000011111000001111110000001111111111100111110111110011101111111
1011111000101110100000100000000010110000101011000000111100000011111000001111111111111111110111101011
1101111000110111100000010000000001100000010111000000011110000001111111111101001111001111101110001111
0101111000010111100000010000000101100000110111000000011100000011111111101110111111001111001110011011
1001111100100111110011111111000111111100011111110001111111000001111100000111110010001011001000100100
0001111111000011111100001111110000111111000011111100001111110000111111000011111100001111110000111111
1101110011110111011110011100101011110110001110011100111011110011100100010100010000000000000000000000
1110000111111000011111100011110110000111010000011101000111110100111111110111111010011011100011101110
1110111111111011111111100110110011111011000001111100011111110000110100000011000000000100000000010000
1110000111110000111111010001110001110111001001111100000111110000111100000011110000001111000011111100
1110000111111101111110111001111000110111000111111100011111110000111110000011100000001110000000110000
1111011111111000111111100011111110111101000011110100001111110001111111000100001000000000000000000011
1111001111111100001111010010011100001001111000100111000010011001001000100100100001110000000011011000
1111001110111100001111011011011100101001110110110111011010111001001010101100100010110000001111000000
1111100001111111000111111010010010110001011001110101000111100010111111001111100100011111110000011111
1111011111111100111111110011111111101111000011110100001111110000001111000100001100000000000000100011
1111101111111110111111110011101111001110100001110000000111110000011111000001100100000001000000100000
1110000011111110001110101100111010110011001111001100000111110000111110000011110000001111000001111100
0001111111000011111100001111110000111111000011111100001111110000111111000011111100001111110000111111
1111101111111110011111100001111111110100000101110000000111110000111111000110101100000010000000001000
1110000011111000111111101110111110110001001001101100001111110000101111000011110000011111000001111000
1111000111111000011111100001110010000011001000101001000011110100111111000111111100011101100001101100
1111011111111111111111111011010011101101000100111100000111110000010111000001010000000111010000000111
1111000011111000001111001010111100010001000001101100000011110000011111000011111000001111100000110111
1110110011110011101111001100101110110110011110011100111001110011101011011100011000010001000000000000
1111101111111110011111110000111111000111000100011000000000110000111111000111111100001101010111011111
1111101111111010011111100000111110000111000100011000000001110000111111000111100100010111010011101111
1110001111110000001111000000111000000011100000011100000000111000000011111000001111111111111111111111
1111001111111000111111100000111110000011001000011100111111110011111111000011101100111111111111011111
1111111111111000011111000000011100000000100000000010000000111000110011100111000110011100011111110011
1110001111110000001110000000011000000001100000011110000010111100000011110000001111000001111111111111
1111111011110011000110000100011100110000010011000101001011110111111111111110111101111111111111111111
1111100001111111000111111010010010110001011001110101000111100010111111001111100100011111110000011111
1110000111111000011111100011110110000111010000011101000111110100111111110111111010011011100011101110
1110111111111011111111100110110011111011000001111100011111110000110100000011000000000100000000010000
1101110011110111011110011100101011110110001110011100111011110011100100010100010000000000000000000000
1110000011111110001110101100111010110011001111001100000111110000111110000011110000001111000001111100
1111101111111110111111110011101111001110100001110000000111110000011111000001100100000001000000100000
1111011111111100111111110011111111101111000011110100001111110000001111000100001100000000000000100011
1110000111110000111111010001110001110111001001111100000111110000111100000011110000001111000011111100
1111001110111100001111011011011100101001110110110111011010111001001010101100100010110000001111000000
1111011111111000111111100011111110111101000011110100001111110001111111000100001000000000000000000011
1110000111111101111110111001111000110111000111111100011111110000111110000011100000001110000000110000
1111001111111100001111010010011100001001111000100111000010011001001000100100100001110000000011011000
1111100111110000001111100000110011000111000100011100010001110001010011000001001111010111111111111111
1110010111110000001111000000110000000001000000001111000010110000000011110000001111100100111110010011
1111000111111100011111110001110111000111001100011100010001110001000111000000011100000001111111111111
1110111001110011100110000110011100111001110011100101001010010100111001101010000100101010011111111111
1111110111111100011111100000111111000011001100011100010001110001010111000001011100000001110011111111
1111000111111000011111000000111100000011000000001100000000111000000011001000001111100000111100010111
1111001111110000011111000001110011000111000100011100010001110000010111000001011100000111111111111111
1111110111111000011111100000111111100011000100011100010001110001000111001001011100000001110001111111
1110111001101011100110000110011100111001010011100101001110010100111001100010100100101010111111111111
1111000111111100011111110001110111000111001100011100110001110011000111000000011100010001111111011111
1111000111111000101111000000110000000011000000001110000011110000111111000000011100000000110100110011
1111100111111100001111100000110001000111000100011100000001110010010111000000011100001011110011101111
1111110111111110011111100000111111000111000100011100000001110000010111000001011100000001110001101111
1101111011110111001110001100111000110011100011000100001000010000100001101010000000001000010111100101
1110001111111000111111100011110110001111001000111100100001110001000111000000000000000001110000010111
1101111111100011111110001111111000111111000011111100001111110000111111000011111100001111110000111111
1111111111111110011111111001111111100111101100011110100000111110000001111100001101000000011100000011
1111011111111100111111110011111110001111101000111111100000111110000011111100011100000000110000000111
1111011111111000111111100011110010001111011000011111000001111100000111110000011100000000110000000111
1111011111111100111111110011110110001111001000111111000001111100000011110000011100000000010000000111
1101111111100011111100001111111000111111100011111100001111110000111111000011111100001111110000111111
1111111111111110011111110001111111000111101100011111100000111110000011111000011101000001111110001111
1111101111111100111111110001111011000111101100011111100000111110000011110000111100000011111110001111
1111101111111110011111110001111011000111101100001111100000111110000001111000011100000000010000000111
1111101111111110011111110001111011000111101100011111100000111110000001111000011100000001111010000111
1000111111000011111100001111110000111111001011111100001111110000111111000011111100001111110000111111
1111101111111110011111100001111010000111101100011111100000111110000011110000011100000000011010011111
1111101111111110011111110001111001000111100100001111100000011110000001111000011100000000110001001111
1111101111111100011110111111110001111111101011101111101010011100100001010000001100000000000000000001
1111101111111100011111100001111110000111101100011111100000111110000011111000011100000000111001001111
1111100111111110011111110001111001000111101100011111100000111110000001110000011100000000010010011111
0000111111000011111100001111110000111111000011111100001111110010111111000011111100001111110000111111
1001100000100100000010010000001001110010100111000010011000001111111110111100111011111111111111111111
0000000000000001100001010010000111111000011111110001111111010111111111000000111100001111111111111111
0001111111000111111100001111110000111111000011111100001111110000111111000011111100001111110000111111
0110000000111100110011110011101111001110111100011011100111111111111000110010100000000001010100000010
1100001100111001111011101111101110001110111000111011111111111110111111110011100000000010000000000001
1100000000111001100011100111011110001101111001111111111111011111100111111110100010001010000000000000
1011111111100011111100001111111000111111000011111100001111111000111111100011111100000111110000111111
1111111111111111111111100011111110000111111100011111100000111111000011111100001111100000010110010011
1111111111111111111111110011111111001111111101001111100000111110001011111000000111100000010110010011
1111111111111100111111110011111111001111111000011111100000111111000111111100011111110001110010000111
1110000111111000010111111000111101000001110100001111010000111111000011110100001111110000011110000011
0111111111011111111111110111111111001111111100111001110011100011001110000000110011110000001111111100
0011111111011111111111110111111111001111111110111111111011000011001110000100111111110000001111001000
1111111111111111111111110111111110001111110000011111111000111111100001111110000111100000000111000000
1111111111111111111111110011111111001111111100000111110000001111100000111110000001100001000011000000
0011111111011111111111110111111111001111111100101111110011011001001111000000011011110000001111111110
0011111111111111111111110111111111001111111101110010110111100000011110000001111011100010001111111000
0001111111101111111110110011111011001111101100111110110011101001001110100000111111100000001111111000
1111111111111101111111100011111110001111111100001111100000111111000010110100000011100000100110000010
1111111111111100111111110011111111001111111110110111111011001111101100111100110001100011000000001111
1111111011111101100111110000001000000000000000100000000011011111011111111100111111101011111111001111
1111111001111111101111111110011111111010110000000000000000000010001110101000111111100011111110101110
0111111011111101100111110010001100001000110000100010000011001111001111111100111111111111111111101111
0111111101111111110111111111001111001100110000010010000001001000000011110000011111100001111111010101
0111111101111111110111110111001111001110110000000000000000001000001110110000111111100011111110101111
0111111001111111101111111110011111001010110000000000000001000010000110111000011111110001111111010001
0111111011111111100111010110001100011000100001100010000111001110011110101000111111101001111011100000
1111110011111111000111111100001100000000000100000000010010001101001110111100011111111111111110000010
1011110011111111001111110100001100000000100000000000000010001101001111111100111111101111111110101111
0111111001111111111111111111001111010010110000000001000100000000000010110000001111110101111111010001
0111110011111111000111011110001100001000100100000010010010001101001110111100101111111111111111000110
0111011111011111111000111100100001111010001111101000111110100011111010001111100000111110010000000011
0001111000011111100111110010001111110000100111000010011100001001111000100111100000011111110000011000
1111100010111110000010111000001011110000001101000100010100101011001100110000111111000110001110000000
0001111000011101100011110110001011011100101111100010011111000001111100000111110100011111110000000000
1001111100000111110010110011001011101100101111110010011111000001111110000111110000011111110000010100
0001111000011111100011110010001111101100101111110010011111000001111100000111110000011111110000010000
0001111000011111100011110110001111111000100111100010011111000001111100000111110100011011110000001000
0011110001111111001111110000011111111000001111110000111011000011101000000100111100110011000000000001
0111111001111100100111110010001111001000111110110000111111000001111100100111111100011110100000000001
0001110001111111000111111100001101110000100111100010011100001101101110111110011111110111001111000000
1001110001111111000111111100001101111000100111000010001100001101010110101100011111111011001111000000
0111110011111111000111011110001101110000100111000010001110011101001110000000111101110011000001000000
00011100011111110001111111000011011110001001111000100011000011010011001110001111111110110011110000001100000000111000000111111000001110001000111110100111111110011101110001111111000111111110111111111110
0110000000111000000011111000001110010000111011010011101111000111111000111111100011111110111111111111
1010000001101100000110000000011011100001101011000111110000011111100000111100111111111111111111111111
1010000001101100000110100000011111000001111010000111110000011111000000111100111111111111111111111111
1100000000110100000011000000001101000001110000000011010000001101100000111111110011111111111111111111
1000000000110100000011010000001111000001110000000111010000011101000000111110111011111111111111111111
1110000000111100000011111100001110001000111001100001100110000111110000011101100011111111111111111111
1111000000111010000111110100011110010001110011000111111100011100111001110011100111011010111111111110
0111000000111100000011111000001111100000011111000001110110000111111000111111100011111011111111111111
1110000000110100000011010000011101000001110000000111010000011101000001111100110011111111111111111111
1111111101111100000100000000010001100111000101101111100110011110011011111100000011110011110011110111
1111111110111100001101000000110000010110000001011010100000111111000111111100000011111011110111001111
1111011111111110001101000000110000001110000011111000001100101110000011111000100111100111100110011111
1111111010111100001100000000100010010010000011011010101100101111000011111000100011100111110110011111
1111111111111110010000000001000000011100000000010011110101011111110101111111111111001001111100101111
1111111110111110010000000001000000011100000000010011110101011111010101111101111111101011110000001011
1111101101110010010100001000010000011000000000000011111011011111101001111101111111101111111111001111
1111101101110010010100001001000000001100000000000011110011011111101101111110111111101111111111101111
1111111010111100001100000000000000011010000011101011110000101110000111111001100011100111110110011111
1111111110111110010000000001000000011100000001010011110001011111001001111111111111101111110000011111
1111111111111101101100010000110101001111000000100100000111110000011111000001110000010001010010001000
1111111111110101100100010010010101001111000000000100010111110100001011100010111100011000000011000000
1111011111111101101100010100110001001011000000101100000111110000011111100010110100000000000010000100
1111111111111100110000010011110100001111010000001100000000100000000111000000011111100001111110010111
1111111111111110110001010001110000000011010011000100000000000000001111000000111111000011110110100111
1111111111111111110001000001010100010111001001001100000100100000001111000000111111100011111110000110
1111111111111101110001000011010100011111011001011100000100100000000111000000111111100011111110001100
1111111111111111111101010010110100001011000000111100000111110000011111100000111100000000000011010111
1111111001110100101101010010110001001111000100011100010011111110001111000000111111110001111100011100
1111001111111100011111100001111110000111000000011100000001111000010111101101011100000001111110111111
1111011111111000111111100011111100001111000000111100000011110000000111111000011100000001111111111111
1111110111111000011111100000111111000011001100011100010001110001010111000001011100000001110011111111
1111001111111100111111100001111100001111000000111100000011110000000111001000011100000000000000101111
1111001111111100011111100001111110000111000000011100000001111000010111111101001100000001111110111111
1111110111111110011111100001111111100111000100011100000001110000010111000001011100000000000001001111
1111001111111000111111100011111000001111000001111100000011110000110111000001011100000000000000101000
1111011111111100111111100001111110000111000000111100000001110000010111101001011100000001111100111111
1111110111111000011111100000111111100011000110011100010001110001000111001001011100000001110001101111
1110111111111001111111000011111100011111000001111100000011110000101111001010011100000000000001001111
1111001111111100011111100001111110000111000000011100000001111000010111101101011100000001111110111111
1111101111111100011111111111110011111111101011101111101110011100100001010000001100000000000010000001
1111011111111100111111110011110010001111101000111111100000111110000011111100011100000000110000000111
1111011111111100111111110011110110001111001000111111100001111100000011110000011100000000010000000111
1111101111111110011111110001111111000111101100011110110001111010000011111000000111100000011110000111
1111111111111110011111111001111001000111100110011110100000111110000001111000011100000000010000000111
1111110111111000011111100000111111100011001110011100010001110001000111001001011100000001110001101111
1111110111111000011111100000111111100111001100011100010001110001010111000001011100000001110011111111
1111011111111000111111100011111100001111000000111100000001110000000111111000011100000001111111111111
1111001111111100111111100001111100000111000000111100000011110000000111001000011100000000111000101111
1111101111111100011111111111111011111111101011101111101000011100100001010000001100000000000010000001
1111011111111100111111110001111110000111000000111100000001110000000111000001011100000011110000100111
1111011111111000111111100011110010001111000000111100000001110000000111000010011100001111111111101111
1111001111111100111111100001110000001111000000011100000001110000000111000010111100001111111111101111
1111101111111100011111110001111001000111000100011100000001110000000111000001011100000011110111111111
1111001111111100111111110001110001000111000100111100000001110000010111000001011100000010000000100111
1011111111100111111100001111110000111111000011111100001111110000111111000011111100001111110000111111
1111111111111101111111100011111110000111111000011111100001110001001011000000000110111000001111111110
1111111111111111111111110011111111001111111000111111100011110000000111000000001000000000001111001000
1100000111110001001111000000011100000001110000001111000001111100000111110000011111000000111110010011
1111111111111111111111100111111110001111111000011111100001111110000111111000001111100000010110000001
1111111111111110111111110001111111000111111000011111100001111110000111111000011111100001110000000111
1111111111111111111111100111111100011111110000011111000001111110000111111000011111100000110110000001
1111111111111101111111110011111111000111111100011111100001111110000001111100000111110000000011000000
1111111111111111111111100001111100000011100000011111100001111110000111111000011111100001110110000011
1111111111111111111111110011111111000111111000001111100000111110000011111000001111100001110110000011
1111111111111111111111110011111110000111111000000111000000001110000011111000001111100000010110000011
1111111111111101111111110011111110000111111100001111110000110011000011000000000000010000001111100000
1111111111111101111111100011111110000111111000011111110000010001000001000000000011110000001111011100
1111111111111111111111110011111111001111111000011111110001111000001111000000000011110000001111000000
1111111111111111111111110011111111001111111100111111110011111000001000000000000011110000001111000000
1111111111111111111111100111111110001111111100011111110000110001000001000000000000010000001111100100
1000001111111011001110101000111100000001111000001111000001111100000111110000011111000000111110010011
1111111111111111111111110011111110000111110000001111100001111110000011111000000101100000000000000000
1111111111111111111111110011111111001111111000011111100001110000000111111000011111100001110000000000
1111111111111111111111110011111111001111111000001111100000111110000011111000000111100000000010000000
1111111111111111111111100011111111001111110110001111100000111110000001111000000101100000010000000000
1111111111111111111111100011111110001111111100011111100001111110000000111000000001110000000000000000
1111111111111111111111100011111110001111111100000111100000111110000001111000000001100000000000000000
1111111111111111111111110011111110000111111000011111100011111000001111000000011111010000001111101110
1111111111111101111111110111111110001111111000111111100011111000001111000000001111100000001111001100
1111111111111101111111100111111100000111111000111111100011110000001111000000001111110000001111110100
1111111111111111111111100011111110001111111100111111110011111000001111000000111110000000001110000100
1111111111111101111111110011111111000111111100011111110001111000000111000000001110001000001111111111
1100000011100000000110000000011000000000110000001111000001111000000111100000011110000000111100100011
1111111111111111111111110111111110000011100000001111000001111110000111111000011111100001111110000111
1111111111111111111111110011111111000111111000011111100001111100000111100100011110100001110000000111
1111111111111111111111110011111111000001110000001111100001111110000111111000011111100001110010010011
1111111111111111111111110011111111000111111100011111100000111110000111111100011111110011110000001111
1111111111111111111111110011111110001111110000001110000000011110000011111000111111000001110110000111
1111111111111101111111100011111110000111111000111111100011111000001111000000111100000000011111111111
1111111111111100111111110011111111001111111000111111110011111000001111100000111111110000001111111111
1111111111111101111111100011111110001111111000011111100011111000001111000000011111100000001111111111
1111111111111100111111110011111110000111111100111111110011111000000111100000011111100000011111111111
1111111111111111111111110111111110001111111000111111100011111110001111000000111100000000111111100110
1100000111110000001111000000111100000011110000001111000000011100000101110000011111100000111110010011
1111111111111111111111110011111110000111111000011111100001111110000111111000011111100001110000000111
1111111111111101111111100011111110000001110000000111100001111110000111111000011110100001110000010011
1111111111111111111111110011111111001111111100011111100001111110000111110000011110100001110000000111
1111111111111101111111100111111110001111110000011111000000011110000111111000011111100001110010000111
1111111111111100111111100011111110000111111000011111110001110001001111000000001100011000001111110110
1111111111111100111111110011111110000111111100011111110011111000001111100000000011110000001111111100
1111111111111111111111110011111111001111111100011111100000111000000011000000000011110000001111100100
1111111111111111111111111011111111000111000000001100000000111110000001111100001111111011111110011111
1111111111111111111111110011111111000111111100001111110000111000100011100000000011111000001111110000
1111111111111101111111110011111111001111111000111111110011111000001110100000000011100000001111001000
1111111111111101111111100011111111000111111100111111110001110000001011000000000111111000001111111110
1110000111110000001111000000011100000001111000001111100001111100000111111000011111100000110110010011
1111111111111111111111110011111111001111111000011111100000111100000011111000011111100001110000000111
1111111111111111111111111001111111100111111110011111100001111111000011111100001100110000110001000101
1111111111111111111111111111111111001111111000011100000001110000000011000000001110000000111101000011
1111111111111111111111100011111110000011110000011111100001111110000111111000011111100001110000000111
1111111111111111111111110001111111000111111000011101000000110000000001000000000110100000011011110011
1111111111111101111111110011111111000001111000000111100001111111000111111000011111100001110000000111
1111111111111111111111110111111110000111111000011111100001111000000111000000001100000000001111111111
1000000111100010001110000010111000000001111000001110000001111000000111100000011110000001111100100111
1111111111111100111111110011111111000111111000011111100001110000000111111000011111100001110100000111
1111111111111100111111110011111110000111111100011111110001110000000111000000001111111000001111111110
1111111111111101111111110011111110001111111000111111100011110000001111000010111100001000001111111110
1111111111111111111111110011111111000111111000011111110001111000000111000000000011111000001111101111
1111111111111111111111100011111110001111111000011111100001111110000111111000011111100000110000010011
1111111111111111111111100111111110001111111000011111100000111110000111111000011111100001110010000111
1111111111111111111111100011111100000001100000000111100001111110000111111000011111100001111110000011
1111111111111111111111110011111111000111111000001111100000111110000011111000001111100000111110000011
1111111111111111111111100111111100011111110000011111100011110010001111000001111100010000001111000100
1111111111111100111111110011111110000111111100011111110001111001001111000000011111100001101111111111
1111111111111001111111100011111110001111111000111111100011111000001111000000111111110000001111101111
1111111111111111111111100111111110001111111000111111100011111000001111000000111110000000001111111110
1110000001110000000011000000001100000001111000000011100000111100000011110000001111000000111100110001
1111111111111111111111110011111111001111111000011111100000111110000111111000011111100001110010000111
1111111111111110111111110001111111000111111000011110000001111111000111111100011101100001110000000111
1111111111111111111111110011111110001111110000011111100001111110000111111000011111100001110011000011
1111111111111101111111100011111110000111111000001111100000111110000011111000011111100000111110010001
1111111111111101111111110011111111000111111100011111110001111000001001100000000011111000001111111110
1111111111111111111111110011111111001111111100111110110011101000001000100000000011110000001111000000
1111111111111100111111110011111110000111111100011111110011110000001111000000000011110000001111111100
1111111111111111111111110011111111001111111100111110110011111000001001100000000011100000001111000000
1111111111111100111111110011111110000111111000111111100011110001001111000000000011110000001111101110
1110000111110001001111000000111100000011110000001111000000111100000001111000000111100110011111011100
1111111111111111111111110011111110000111110000001111100001111110000111111000001100100000110000010000
1111111111111111111111110011111111000111110000000111100000111110000111111000001100100000110000000011
1111111111111111111111110011111111001111111000011111000001111100000111111000011100100001110000100111
1111111111111101111111100011111110000111111000001111100000111110000011111100001111100000111110000001
1111111111111111111111110011111111000111111100011111110001111000000111100000011111110000001111111111
1111111111111101111111110011111110000111111000001111110001111000000111100000000111111000001111111110
1111111111111111111111111011111111000111111100011111110001111111000011111100001111110000110001000011
1111111111111101111111100011111110000111110000111111100011111000001111100000001111110000101111111110
1110000011110000000111000000011100000001111000000111000001111100000011110000001111100000111110010011
1111111111111111111111110011111111000111110000011111000001111110000111111000011111100001110010010011
1111111111111100111111110011111110000111101000011111000001111110000111111000011111100001110000000111
1111111111111111111111100011111110001111111000001111000000011110000011111000011111100001110010010011
1111111111111101111111110011111110000001111000001111110001111111000111111100011111110000110011000011
1111111111111111111111110111111110000111100000001111100001111110001111111000011111100001110010000111
1111111111111111111111110011111110001111111000111111100011111000001111100000001111111000001111111111
1111111111111111111111100111111110001111111000111111100011111000001111100000001111110000001111111111
1111111111111100111111110011111110001111111000111111110011111000001111100000001111100000001111111110
1111111111111101111111100111111110001111111000111111100011111000001111100000000111111000001111111110
1110000011110000001110000000010000000001010000000111100000111000000011100000001110000000111000010011
1111111111111111111111110111111110001111111000011111000001111110000111111000011111100001110000000111
1111111111111110111111111001111111000011111000001111100000111000000011111100001111100000111010000011
1111111111111111111111110011111111000111111100011111100001111110000111111100011111110011110001000001
1111111111111111111111110111111110001111110000011111000000111110000111111000111111100001110010000111
1111111111111111111111110011111111000111110000000011000000011110000111111000011111100001111110000011
1111111111111111111111110011111100000011110000001111100001111110000111111000011111100001110010000111
1111111111111101111111100011111110001111111000111111100011110000001111000000001111110000001111111100
1111111111111110111111111011111111000111111100001111110000111000000111100000001111110000001111100000
1111111111111111111111110011111111001111111100011111110001111000000111100000001111110000001111111100
1111111111111111111111110011111111001111111100011111110011111000001111100000000011110000001111000000
1111111111111111111111110111111110001111111100011111110001111000000011100000001111001000001111110110
1100000111110000000000000000001000000100111000011111000011111100000111110000011111001001111110110011
1111111111111111111111110011111100001111111000011110000000110000000011110000000011100011001111111111
1111111111111101111111100011111110001111111000001111100000111100000111111000011100100001110000010011
1111111111111111111111100111111110001111110000011100000000010000000011111000000011101111011111111111
1111111111111111111111100011111110000001111000001111100001111110000111111000011100100000110000010011
1111111111111111111111110011111000000011111000011111100001111110000111111000011101100001110001010011
1111111111111111111111110011111111001111110000111111110011111100000000100000000011100000001111000000
1111111111111101111111100011111110001111111000111111100001110000000111000000000000010000001111100100
1111111111111111111111110011111111001111111100011110110011111000000000100000000010000000001111000000
1111111111111111111111110011111110001111111100011111010000011000000000100000000011101000001111000000
1111111111111110111111111001111111000011111000001111100001111000000111111100001110110000110000000011
1110001111111001001111111100011100000001111000000111100000111110000011111000001111100100011110011001
1111111111111111111111110011111100001111110000001111100000111110000011111000001100010000010000000000
1111111111111111111111110000111111000011111000001111100000011111000011111000011100100100010000010000
1111111111111100111111110011111111000111111100011111110001111110000011111100000000110001000000000100
1111111111111111111111100111111111001111111000001111100001111110000001111000000100100000000000000000
1111111111111111111111110011111110001111111000111111100011111000001111000000000111110000001111111100
1111111111111111111111110111111110001111111000011111110011111000001111100000001111110000001111110100
1111111111111101111111110011111111001111111000111111110011111100001111100000000011100000001111000000
1111111111111111111111110011111110000111111000011111110011111000001111100000000111111000101111111110
1111111111111111111111110011111111000111111100011111110001110001000011000000000011110000001111111100
1110000111110000000111000000011100000000110000000011000000011100000011110000001111100100011110011000
1111111111111101111111100011111110000111111000011111100000111110000111111000011101100001110000010011
1111111111111111111111110011111111000111111000011111100000111111000001111000010111100001110000000111
1111111111111111111111110011111111000111110000000111100000111110000111111000011111100001110010000111
1111111111111111111111111001111111000111111100011111100001111100000111111100011111110001110011000111
1111111111111111111111110011111100000001110000001111100001111110000111111000011111100001110010010011
1111111111111111111111110011111111000111111000111111110001111110000001111000000011100001111111111111
1111011111111111111111111011111111001111111100111111100001101110000000111000000011000000001111111111
1111011111111111111111110111111111001111111000011111100011111110000000111000000011100000001111111111
1111011111111111111111111011111111001111111100111111100011111110000000111000000011000000001111011111
1111111111111111111111110111111111001111111000111111100001111110000000111000000011100011011111111111
1100000111110000000111000000001100000001111000001111100001111110000111111000001111110000111111000011
1111111111111111111111110111111110000111111000001110000000111110000111111000011111100001101111000000
1111111111111111111111110011111111000111111000011111100001111000000111111100011111100001011110000101
1111111111111111111111110111111111001111111000011111000001111110000111111000001111100011011110000001
1111111111111111111111110011111111001111111100011111100001111110000111111000011111100001001110000100
1111111111111111111111110111111110000011111000000111000000111110001111111000011111100001101110000110
1111111101110111100010001110010000111001000010100100001010010010100001001010000100001111111111111111
1111100011111100001100110000111001000111100100011101000001110000010111000000011111111111111111111111
1110001111000000011100000011111000001111010000111100000001110000001111000000100111100111111111111111
1111111111111100111101100001110001000111100000011110000001110000010111000001001100000001111000111111
1111110011110111001110001100111100110011010011001110001000111010100011001010001100001101111111111111
1110001111111000111101100011110010001111001000111110000011110000001111000000111111110011111111111111
1110100111111000011111000001111100000111111000011110100001110000000111100000011111101111111111111111
1111111111111110011101110000111001100011110000001111000001111010010111000001011100000001111111111111
1111111111110011100111011110010110101111001010100100101010110010100101000010000000000000001001011001
1111111111011100011100110001110011111111000110111100011011110000110100000000000000001000001111101111
0111110111000111011110001101111000111111000011011100000101110000100111000000000000100000001110011111
1111110111011110011100111101110000110111100011111110000101110000011011000000001100000000001001001011
1111111011110111000110001110011100110001110011000100001000011000100001000010000100001110111111111111
1110001111111000111101100011110110001111101000111110000011110000001111000000111111110111111111111111
1110100111110000001111000001111100000111110000011110100001111000000111110000111111101111111111111111
1111111111111100011101110000111101100011110000001111100000111010010111000001011100000001111111111111
1111111011111011100111000110010010111011000011101100001010110000100111000010000000000001011101111011
1111001111111100011100110001110011001111001100111100010011110000101111000000000000000001111111101111
1111101111000110011100001011111000101111000000111100000011110000001111000000000011000111111111111111
1111111111011110011100110000110000100011100000001110000000110010010111000000011100000000011111011111
1111111001110011100110000110011100111001110011100110001010011000100001000010000100001110111111111111
1111100011111100001110111000111011000111100100011111010001110000000011000000001111110001111111111111
1110111111110000011111000011111100001111110000111111000011110000001111000000111111001111111111111111
1111111111111100011111100000111101000011110100011111000001111010010111000000011100000001111111111111
1111111011110111100111001110010100101011000010100100001010010010100001000010010000000000001011011101
1111001111111100011100110001110011101111000110111100010011110000100111000000000000000000101111110111
0111100111000111011110001101111000111111000010011100001101110000000111000000000011100010011111111111
1111111111011110011100110000110000100111100000011110001001110000010111000000011100000000011110001001
1111111001111111100110001110010100111001010010100100001010011000100001000010000000001110111111111111
1111000111111100011100110001111011000111100100011101010001110000010111000000001111110001111111111111
1110100111110000011111000011111100001111100000011110100101110000010111000001001111101111111111111111
1111111111111110011101110000111001100011100000011111000001110010010111000001011100000001111111111111
1111111001110011000110001110010100110001010011000110001000011000100001000010000100001110111111111111
1111000111111000011101110001110011000111101100111110000011110000001111000000011111110011111111111111
1111001001111000000111100001111110000111111000011100000000110000000011111001011111101111111111111111
1111111111111110011101110000111000100011100010001111100000111010000111000000011100000001111111111111
1111111001110011100110001110010100101001000010100100001000011010100001000010000000001110111111111111
1111000111111100011100110001110001000111000100011101000001110000010111000000000100010001111111110111
1110100111010000011110000011111100001111100000011100000001110000000111000000000011100011111111111111
1111111111111100011101100001110001000111100000011110000001110000000111000000011100000000011110111111
1111111101110011100111001110010100101001010010100100001010011010100001000010000000000110111011111111
1111100111111100011100110001110001000111000100011101000001110000010111000000000000110010111111111111
0111011011000100001110000001111000000111000000011100000101110000000111000000000011100011111111111111
1111111111111100011100110001110001100111100000011110000001110000010111000000011100000000011110011111
1111111001110111100110001110010100111011000011101100001000110010100001000010000000000011011011111111
1111001111111100011100110001110011001111001100111110000011110000001111000000000100010001111111101111
0111101011000100001110000001111000000111000000011100000001110000000111000000000011100011111111111111
1111111111111100111100100001110001000111100000011110000001110000000111000000011100000000011010011111
1111111101110011100110001110010100101001000010100100001000011000100001000010000000001111111111111111
1111000011111100001100110000110001000111000100011101000001110000010111000000001111111111111111111111
0111011011100000001110000001111000000111000000011100000001110000000111100000111111001111111111111111
1111111111011100011100110000111001000111100000011110000001110010000111000000011100000001111110111111
1111111001111111100110001110010000111001000011100100001010010010100001000010000100001111111011111111
0000000000111111110011111111110001111111100000111111000000111000000000100000001010000000001000000000
1111100011111110001100111000110001100011110110001101001000110000000011000000001111111011111111111111
0111001011100000001110000001111000000111000000011100000001110000000111000000011111001111111111111111
1111111111111111011100110000111000000011100010001111100000110010010011000000011100000001111111001111
1111111001101011100110000100010100110011010011100110001000011010100001001010000100001111111111111111
1111101111110110101111000000011000000001110000000111010000111110000011111000000111100100011110010001
1100100001111100001111100000111110000011110001001111000100111100110111100110011111111111111111111111
1111000111111100011100110001111011001111100100111111000011110000000111000000011111110111111111111111
1111100111111000001111000001111100000111110000011110100001111000000111100000111111101111111111111111
1111111111111101011101110000111001000011110000011111000001111010010111000000011100000001111111111111
1111111111111011111110000011110000000001000000000000000000000000000000000000000111111111111111111111
1111111111100011111110001111110000111111000011111100001111110000111111000011111100001111110000111111
0001110001111111000111111100001101111000100111100010001100001101001100111000111111111011001111000000
1001101111000111111100100111110010011111001001111110001011110000101111000010011100001111111111111111
1100011111100111011100001111110000111111000011111101001011110000100111000000001100001011111111111111
1111110111110010011111000001110000100111000011111100001101110100100111000000011100000001110001001111
1110101111000010111100011000110010110111011111011100111001010001100001000010000100001001111001111111
0000111111000111111100001111110010111111001011111100001111110000101111000011100000000110111110011111
1110011111110011111100001111110000111111000011111100100101110000010111000010001100001011111110111111
1111110111110010011111001111110000011111000011111100001111110000001111000010011100000000110001000111
1110101111101010111100111001110011110111001111011100111001111010100111000010011000001001100100100111
0111111011100011000110001100011000110001101011000110101101011010110101101011010110101101011111101111
1111011111111000011110000000010000000001000000001100000000110000000001100000010111000000001110000011
1100011111110000111110000011111000001111100000111110000000001000000000100000000110000000111110000111
1110000111111000011111100001111110000011111001011111100001111100100000110000011111000001111111111111
1011111111110000111111000001111100001111110010111111001001111100100111110010111110000000000001001000
1111001111111100011111110000111111000111111001011111100100111110010000111001000000000000110100100111
1100000111111000011111100001111110000011111001001111101101111100100111110010011111000001110000001000
1100111111110001111111000111111100001111110000111111001001111100100111110010011111001001111111110111
1111011111111100001111110000111110000011111000001111001000010000000001100100011110010011111111111111
1111101111111000001111000000010000000001000000000100000000110000000011110000000011100000001111000011
1100001111110000111110000011111000001111100000000110000000011000000001100000001111000000111100000111
1111111011100011000110001100011000110001101001010110000101010000110100001011010101011101011111111111
1110000111111100001111110000111111000011111001100111100100011110010000111001001111100001111111111111
1111000111111100001111110000111111000011111001001111100100111110000000111001001111100100111110100111
1100111111110001111111000111111110001111111000011111101001001000100100110011011111000100111111011011
1111111111111100001111110000111111000011111101000111100000000000000011000000001111000001111111111111
1111101111111100001111110000111111000111111000001111000000000000000011110000001110010010111111111111
1100001111111000011111100001111110000011111001001111100100111110110011111011011111100000110000000100
1010111001110011110110001110011000111001101011000110100000011000000001100000000111010111011111111101
1111111111100001111110000111111000001000100000000010000000011000000001100000010110000000111100000011
1111011111111000001111000010001000001010000001000000000000001110000000011000001011100011111111011111
1111000001111111100111111100011111110001110011000111001100010000000011001100001100110001110011000111
1111001111111100011111100001111110000111111000011101000000001100000000100000000010001000001111001111
0100000011000000001100100000011100000001111100001111110000111111000011111100001111110000111111000011
1110000111111000011111100001111110000011111001001100000100001100000000110000000011100110001111101111
1110000011111100001111100000111110010011111001001000000100001110000000110000000011110010101111011001
1111000011111100001111110000111111000111111000011101000001100100000100010000000000110100111111100111
1100001111110000111111000011111100001111110000111111000000000100000000010000000001100011000011111101
1101001111110000111111000001111100100111111010011011100000001000000000100000000010010010111101111111
1110000111111000011111100001111001000111101100011110110000000000000000100000000011010001111111111111
1111000111111100011111110000111110000001111001000111100010000100000000110000000011100010111111111111
0000111111000011111100001111110000111111000011111100001111110000111111000011111100001111110000111111
