1111111111110000111110000011111000000111100000011110000001111000000111100000111110000011111110001111
1111111111111001111111100011111100001111111100111111110011111111000111111100011101100000000000000000
1111100111111110001111111010111111101111111110011111111000111111000011011100001101100000110000000000
1111111111111001111111100011111100000111100000111111100011111000000111000000001111000000001100000000
0110000101100100110001110000000000100100100000010000000000001111001111111000111111111100111111111111
1110011101111011100111011111001000001000100001100011000110001011111000011101111011100011000000001111
1111111111111110011111111011111100000111100000001111000000111100000111100000000110000000000000000000
1111111111111101111111100011111110000111111000111111100001110000000011000000000000000000001000000000
1111101111111100111111100011111110001111111000111111100001111110000001111000011111100001011110000111
1111111111111101111111100011111100001111100000111110000010111000000001100000010100000000000010000100
1100001111110000001111111000111000000011100000101111110010111111101000111100100010010000011000000111
0000000111000000011100001000110000111111000011111100001111110001111111000111111100110111110011011111
1111101110111110111111100001111110000111111000011111100001111110000110110000011001000001001001001111
1101011111110100111111010011110101100111011010111101101100110110110011000100001000000000000000000000
0111011010001101001111110111111111001110111100111100000011110000010000000001110010010111110010001111
1111111111110111111110011111111000111111000011111100000011001111000100111101000011110000000000000000
1101101111110110011101010001110101000111000110111111011001111111100111111110011111011000000000000000
1110000111111000011111000000111100000111110000011110000001111000000111100000011111000001111110000111
1111111111111100111111000011110000011111100000111110000011111000100111110000000111000010011110001011
1101110011110011010110001101011000110001100010000010001000111000000011100010101110001111111011111111
1111111111111111111111110011111110001111110000000111000100000000000000000000000101110000001111111000
1111111111111001111111100011111100000111100000111111100011111000000111000000001111000000001100000000
1101110011110011010110001101011000110001100010000010001000111000000011100010101110001111111011111111
1111111111111001001111000000111100000001100000000110000000011000010001100011000000001000011011110111
1111001111111000001111100010111011011001101111100111111111001110011100111001110011100111000110111111
1100000011110000001110110011110011011111000111111101110011110111001110011100111101110001110010000111
1111111111111111011111001000111100000011100000001110000000011000110001000011000100011100011011111011
1100001111111000001110100010110111001001011111100001111111001111001110011100111001110011101010000100
1111111111111111111111001100111100000011100000001110000000111000110001100011000100011100011011111011
1111111111111110011111000000010100000001010000001110000000111000110011100001000110000100011100111111
0100100000111000000011101111001110101100111110000011011000001101100000110110000011010000101101010000
1110001110111010011011010001101111001110110011111011000101101100000110110000001011000000001100000100
0100100000111000000011010000001111000100111111010011111101001110100100111110000011100000001100100110
1111111111111101111111100011111100001111100000111110000010111000000001100000010100000000000010000100
1110000111111000011111000000111100000111110000011110000001111000000111100000011111000001111110000111
1111111111111100111101110001110110000111011100011001110001101110001110111000111111101011110000001010
1111001111110000011111000000111000000011110000011110000000111000000011110100000111000000011110001001
1111101111111100111110010011111000000111100000001111000000111100000011110000001111100000111110011001
1111011111111000111111000011111100000111110000011111100001111110000011111000001111100000111111011001
1111111111111100111101110001110110000111011100011001110001101110001110111000111111101011110000001010
0000010000000001000001000010000110001010111000000111100000011111110001111111101111111111111111111111
1110000001110000100111000000011100011001100001100110000000111011111111111110111111111111111111111111
0001010000000100001000100000100011000010001111000011111110001111111100111111100011011110010001111011
0000010000000001000000000000001100000001111111100110111110001111111000111111100011111110000001111001
0000100001000010001111010000101100000100110000000011100000101111010000111111011111111111111111111111
1110111001111001100111100010011110000001111000000010100001101000001110100011111011011111101101111111
0001100000000110100011110000001011000001111000001100001111111111110000111111100111111110001111111000
1110110111111100011111111001111111000011111000000111100000011110000001111000000111100000001111011001
1001101010111110101011111110111110001011110000001110000000111110010001111000000111100000011111000101
0000010000100011100011000010001110001011110011101111110110001111101000111100100011111110001111111000
0000000000000000011100110111100011111110001111111000111111100011111111011111111101111111000110111100
0000010100000111110000011111000011111100111111110011111110001011111000101111100010111110000001111000
1111111111111100111111110000111111000011110000001100000000011000000001110000000111000000011100000001
1000110100100111010011110001001100000100110000110010000000001000000100111110010011111111001111111100
0000000000000000000000001111100111111111011111111111111111110101111011110111101111011110011101111101
0000111010111011111011111011101110100110111000011111000001011110000100111000010111111011001111101100
0001000010000100001010110001101000000110101000001011110000101111000010111111111111111111111111110111
0000010000000001100000000111100000001111000000111100000001110000101111000011111111111111111111111111
1000000111110000011111000001111100010111110011101111011110011100111001110101100110010111011001001101
0010100000001011111100100001110011100111001010001100101101110001100111000110011100011111110001011111
0001000000000000000000000001100001110111000111111111111111110001110111000111011100011101110001110111
0000010000000001100000000011100001101110000110011100001011110000101111000011111111000111111111111111
0000000000000000000011000000001100110000110011011111001100111100110011110000101111100010111111111111
0000000001000000000110000000001001111000111111000111111100011110110001111110000111110011111111111111
0000001100000110000011000001001110011100111111110011011110001101110000110111100011011110001001011000
0000000000000000000000000000100001111111100111111110001111111000101111100010111111110101111111111111
0000000000000000000000000100100001111110000011111100001111110000101111000010111111110111111111111111
0000000000000000000000001000100001111110000011111110001111110000111111000101111111111111111111111111
0000010000000001100000000111100000001111000000111100000001110000101111000011111111111111111111111111
0000000000000000011100110111100011111110001111111000111111100011111111011111111101111111000110111100
1111111111111100011111110001111110000111111000001111100000111110000111111000011111110001111111000111
0000001111000000111100010011110010111111001111111100111101110001110111000101111100000001110000111111
0000001111001000011101100001111110011011111011111111101110111110111011111011101111111110110111110011
0000011111111000111111100011111110001111111000011111110011110100001111000000011100000001110011111111
0000001111000000011100100001111110011011111011111111101110111110111011111011101111111110110111110011
0000001111000000111100010011110010111111001111111100111101110001110111000101111100000001110000111111
0000011111111000111111100011111110001111111000011111110011110100001111000000011100000001110011111111
1111101111111100011111100001111110000111111000001111100000111110000111111000011111110001111111000111
0000111111000100111100110011110111000111011100011101100001110111000111001100011100000001110111111111
1111111111111100011111110001111110000111111000001111100000111110000111111000011111110001111111000111
1110010011110000001110000000001100000000100000000010000011111100000111110000011111100001111100000111
1111111111100111001110001110111000110001110110010010011000101100100001110010000110001000010000000101
1111111011100111000110001100011000110001100111000010011100001100110001000011000100000110010000000001
1100001111110000111111000000111000000100100001001110011001111001111111110011110011001011001100100110
1111111111100111000110001100011110111011111111000011111100011111110011000001001100000000100000000000
1111011111111101111111111111111011111111100011111111101000000100000000000000000110000000011100010000
1111011111111100111111110011111111111111111111111101111111110100110000000010000000001000000000100001
1111111111111110011111111000111111100001111000000011100000111100000111000011111100001111111001111111
1111011111111100011111100000111110001111111000101111110011111110010111011000011000010000000000000000
0000001111000000111100010011110010111111001111111100111101110001110111000101111100000001110000111111
1111111000111111100011111000001111110000111111000011110101001111000000111100000011100000000000000000
1111110010111111110011111110001001110000111111010000111001001111001100111001100010000000001000000000
1111110000111111000011111100001111110000111111000011111100001111100000111110000011111000001111000000
1111111100111111000011111100001111100000111111000011101100001110000000111100000011100000000000000000
1100000000111111000010001110001000111000110111110011111111001111111110111111111110011111100000000000
1111100000111111000011111100001111101001100111100011000000001000000000100001000000000000000000000000
1111000000111111100011110111001111001000111100110011101011001111110100111110010011011000001000000000
1111111111110000111110000011111000000111100000011110000001111000000111100000111110000011111110001111
1111111111100001111110000111111000011111100001111110000111111000011111100001111110000111111110111111
0000000011110011111101011111110011111111001111111100111111110000111111000000011100001011110000000111
1101111111110000011111100001111110000111111000001111000000111110000011111000011111100001111111001111
1110111111111000011111100001111110000111111000011111100001111110000111111000011111100001111111110111
1111001000111000011111100001111110000111111000011111100001111110000011111000011111100001111111111111
1101111111110000011111100001111110000111111000001111000000111110000011111000011111100001111111001111
11111111111110000111111000011111100001111110000111111000001111100001111110000111111000011111111011111111111111111100111111000011111100000111100000111111000011111100000011110000011110000011110000001111
0100110000110011000011111110001111010001111101000111111110011111110001111111000010000100001000000000
0001110000000001000011101100001110110000111111100011100110001110011000111111111011011110000000111000
0110000000001000000000111100001111110001111111000111111000011111100011111111001111111100111110110000
0101000000011110000001011100001111110000111011000111111000011100110000111001100011100111001100110100
1000100000000010010001111101101111100110110010011011001111101100111100110010111011101001101000000100
0111000000011100000001101100001111110001111111001111111100111111100111111111011111001100001111100000
0000110000000011000011111100001111110000111111000111111100011111111000111111101110001100001000110000
0001100000011110011101111111100011111110001111111010111110001001111000100111100011010110001111111000
0001101000001111110001111111000111111100001111110010111111001011111000100111100010010110001101001000
1100000111100000011110000001110011000001111100001111111011111111011111111101111011110111101111110100
1110001111111100011111010001111110000111111000011111100001111110000111111010011111100000111110011000
1111001111111100011111110001111111000111111100011111100001111110000111111000111111111100001110001110
1110000111110000011111000001111100001111110000111111101001111110110011111011001011110110001110011100
1110000111110000011111100001111111000011111000011111100001111110110111111011011111101101001110111000
1110000011111000001111100000111111000011111001001111100100111110110011110011001111101110001100111100
1110000111110000011111000001111100001111110000111111101001111110110011111011001011110110001110011100
1111111111111110111111000011111000001111100000011111100001111110000111111000011111100001111110000111
1111111111111110111111110001111110000111111000011111101000111100000111100000001100000010010001100001
1100000111110000011111000001111100000011110000001111000001111000000111100000011111000011111000011111
1111111111111111111111110011111110000111110000011111000001111110000111111000011111110011111111001111
1111111111111100111111000011111100000111100000111111000011111100000011110000011110000011110000001111
1111111111111000011111100001111110000111111000011111100000111110000111111000011111100001111111101111
0000000000000000001011111000000101111000111111000000011100000001110000001111000000111111001111111100
0000000100000111000000011000000011111100010111001001001111000001111100000111110000011111001111110000
0000000000000000001010001100000100110000000011100000001110000000010000111111100111111110011111111111
0001000000001100000000111000000001100100000111100011111110001111011000111001110111111111111111111111
0000011001000000000000001100001000110000000111000000011100000000100000111111100011111111001111111111
1111111111111000111111111111111100011111100000011111000001111000000011100000001110011011000000000000
1111111111111111001111110101111110000101111000000011100000111110000011110000010111000001110000000011
1111111111111111111111111000111110010111111000011111100001111110000010000000001000000110000000000011
1111111111111110111111111001111111000111111110001000001000100000000000000000000000001010000000000001
1110101111110001111111000001111100000111110100001110000000011000000001000000001101111111100000000000
1111111111111111111111110011111111000111111000001110000000001110000011111100000011110000101110110110
1111100111110010111111000000111001000011001000000011100000111100000011111000001111101101111100110111
1111111111111110111111100111111100011111111100001111110000111110000011000000000000000000001110010000
1111111111111111111111111111111110011111111101111100000000000000000000000000000000000000000000000000
1111111111111110111111100001111110000111111100000011110000001111000000111110000011111000000000100000
1111111111111111111111111011111110000110001000000011000000001100000000000000000011101000001110111110
1111111111111111111111111011111110101111110000011111100000111110000010111000000011100100001110010000
1111111111111111100011111111001100001100110000110000100001100010111100001000000000100000000010000000
