0001110111000111001100111000110011110011001111001100111000011111110101111111111111111111111111111111
1111111111111110011111111001111111000001111000000111100000011110000001111000001111100001111110000111
1111111111111111011111111110111111000011100000000100000000011000000111110000011111000001111100100111
1111111111111110011111111001111110000011110000001111000000111100000011110000001100000000110000000011
1110000000111000110011100111001110111100111111111001011111100101111001001110000101110000010100000001
1111101111111110111111110001111111000111111100001111110000111111110011110001001111010000111110000010
1111111111111110111111110011111110000111011000001101100001110110000111111100011000000011100000000000
1111111111110011001111000000111100000011110000001111000000111100000011110000001111000000110000010011
1111111110111111111011100011111110000111111000001111111000001101110000110011000011000000001100000000
0000000100000000111100000011110000000111110000011111000001111110001111111001111100001111110111111111
1111111111110111111110011011111001100111100110011110010001111001100100100110110010000000000000000000
1111111111111111111111111111111111111001111111100001101110110111101011111000000111100000011111000001
1111111111111111011111111110111111000011100000000100000000011000000111110000011111000001111100100111
0001111111001110011100111000110011100011001111011100111000111111100001111111001111111111111111111111
1111000000111011100011000110101110000010111000010000000001000000100110000011101111110000001011100111
1111111111111111111111110011111100000111110000011111100000001110100000110000000001000000000110000000
1111111111111001111111000111111100001111000010111100101111100010011110111011111001001110001100010000
1111111111111111111111110111111111001111111000111101000001110000000111000000011100000001110000000110
1111000111111100011111100001111110000111110000111110000011111100000111111000111111100011111110001111
1111111111111111111111100011111110001111110000011110000001110010000011000000011100000001111110000111
1111111111111111011111111000111111100011111100001111100011111110001111110000111111000011111100001011
0110001111111000111111100011111110000111111000011111100001111110001111110001111111000111111110001111
1111111111111100111111100001111101000010100000001011001000001111110001111111100111111100011100000000
1111111111111111111111111011111111000111111000001111100000011100000001110000000110000000011110000000
1111111111111010000011111100001111110000001111000000111100000001010000000001000011001010001111101101
1111111111111110011111111000111110000011110000001111000001111100000111110000011100000001110000000011
1111111111101110011110111001111011000011101100001110111000001011100100101101010000000000000000000000
1111111111111111001111111100111111101001111000000111100000001110000000111000000011000000001100000000
1111111110111101111111100011111100000111111000011111110110001111110000110000000010011000000000000000
1110011010111010100011101001001110000110110000001011000000001101000100111111110000111111000011111100
1110001111111000111111000001111110000111111100011111000001111100000011110000000011000000000010011000
1111111110111111111011100011111110000111111000001111111000001101110000110011000011000000001100000000
1111111111111110111111110001111111000111111100000111101000001110100000111000000011100000000110000011
1111110000111111000011111100001111000000111001000111101001000111000110011110011001111111100000001111
1111111111111100111111110001111110100111110000001111000001111100000111110000011111000001101000000110
0011011111001100111100011111110001100111000110011100000001110000000111000000001100000000110000000011
1111111111111111111111110001111110000111111000011111100000111100000111110000011111000001111100000111
1111111111111110001111111000111100010011110000000011100000001110000011111000001111100000110100000011
1111111111111101111111100011110110001111110000001100000000010000000111000001111100000011110000000110
1111111111111100111111100011111110000111110000011111000000111100000111110000011111000001111000000111
1111111111111110011111110001111111011111111100011111110001111101000111111100011111110001111111000111
1111111001111001100111000110011100001001111100100111110000011011001100111100011011010001011011000100
0010001111001000011100110001110110000111011100111101100011110110001111011111111101101101100010111110
1111111111111111111111111011111111000111111110011111111110001110000100111010000011000000000000000000
1111111111111000011111100001111100000011110000000110000000011000000001100000000110000000011100000011
1111110111110000011111100001111110000101111111000011110100001111001000111100000011110010001111000000
1111001111111100011111110001111110000111111000011111100001111110000111000000000011101000000000000000
1111111100111100101011110000101111000011111111101111101111011110010000110000001011000000001100000000
1111011111111100111101111011110011100110000000000100000001100000000000000000000000011100000000000000
0000000000000000000000110001110011000111011110011101110001111111010111111101111111111101111110000001
1111111111111111011111111001111111000111001100111100110011110011010111001101010000000000000000000000
1111100111111100001111100000111100000011110000001111000001111100001111110010111111001111111100111111
0111111111111111111111100011111110001111111000111101000101110000011111000011111100001111110000001110
1111111100111100110011110100101111000011111000000111100000000000000000100111111000011111100000111110
1111111000111111100111110010011110001001111000100111010001011001000001111000000111100000011110000000
1111111111111110011111111001111111000111111000111111100000001110001000100001000100001100011111111111
1111111111111111111111110001111111000111111100001111110000001110100000111000000011100000000110000000
1111111111111110001111111000111111100001111111000011111110101111011000111110000111111100001100000000
1111111111111100111111100001111100000111110000001111000000011100000001110000000110000000011111111111
1110011111111001001111100100011111011101111010111111110000001111100001001001000000000100000000000000
1111111111111111111111111001111110000001110000000110000001111000000111000000011100000001110000000110
1111111111111100001111110000001111111001111111111111111100111111110000111000000011000000111000000011
1101111111111000111111110001111111100011111111101111111010011111100100111100001111010000111001000111
1111111111111101111111100001111110000011110000001111001000001111110000100111000010000000011000000011
1111100111111101011111110111111110010101010001000101000000010100000001111000000111100000011111000001
1111000000111111111011111111101111111110111111111011111111111111111100000010000000001001000000100100
1110011111111001111111100100111110011011111001101111110000011111100001101001000000000000000000000000
1111111111111111011111110100111111000011110000001111000000011100000001110000001111000000111100000011
1111111111111111001111111100001111110000111100000111100000011100000011110000001111000000111000000011
1111111111111111111111111011111111101111111100011011110000001100000000110010000000000000000000000000
1111111111111111111111110011111110000111111000000111100000001000000001001100011111000000101110000000
1111111111111101111111110011110000111111000011110010110110001111110000111000000011110000001111000000
1111001111111100111111100001111110000111111010001111111100011101110000111110011110111001110100000111
1110000111110011001110001110111000111011100011101110000000011000000001100000010111000001001111001100
1110011111110100011111010001111100000001110011010010111100001111110000111110000011111010001111100000
1111111111111100011111111001111111100011111010001111111000011101000000110100000011000000111100000011
1111111111111000011111101001111100100011110000000010001111010000011000101001000011111110001111110000
1111111111111100111111100001111110000111111001111111100111011111001001100000001110001001111000000111
1111011111111000111111111111111111111111111000001111000000011100000001100000000010000000001100000000
0001111100111111111111111101111111100011111010001011100100001111010000111101000111110110011111110001
1111000111111000001110100000111101000011100000001110000001111110000111110000011100000001111100000000
1111101111111100011111110000111111001111011100111101110101110111000111111100011000000000000000000000
1111111111111111111111100011111110001111111000011110000000111001000011101000011110000000111000000011
1111111111111111111100111111110011100111110000001111000001100000111110000011011000001111100000000000
1110000000111100110011111111001111111100111111111011111111110111100100000010010000000001000001000100
0000000000111001100011101110001111111000111111100011111111101111111100000100100000010010000001001000
1111111111111011111111101111111100011111100000111111000011111100000011110000000111100110111110010111
1111111111111101111111000111111000001111000000000000000000001100000000100001110110000111111000011111
1111000100111000111111100011111110000111111000011111100001111110000001111000000011000000000010011000
1111111111011111111101111101110111100011011101001110100100011011000001101100001110100000111000110111
1111011111111000111111100011111110001111110000011111000001111100000111110000011111000001111100000111
1111100111111110001111110000111110000011110000001111100000011111000001111100000111110000011111000001
1111000011111000001111100001111110011111111001111111100001111100000011110000001111000000111100000011
1111111110111101111111101011111110000111111000001111100000001110000000111000100111001001110000101111
1111111111111111111111100111111110001111111000011111100000111110000001110000000111000000111100000111
1111100000111100000011110000011111000001111110100111111010001111110000111111000011111100001111001000
1111111111010000111101010000110001000011000100001101110011100000000000000000011101110101111111111111
1111111111111010000011111100001111110000001111000000111100000001010000000001000011001010001111101101
1111111111111110011111111001111111000001111000000111100000011110000001111000001111100001111110000111
1111111111111111111111111000111111100011111100001111110000001111000000111110000001111100000011000000
1111111111111111111110100111111010000100100000101010100011101111100110000110011000000000100000011000
1111111101111111110111111100111111110000111110000111110000011111000011111100001111110000111111100000
1111001111111100111111110011111100000011110000001111000000111100000011110000001111000000111100000111
1111111111111111111111111011111111100011111100011011100000001100000000110010000000000000000000000000
1111111111111100111111100001111101000010100000001011001000001111110001111111100111111100011100000000
1111001111111000011111110011111111001111111000011111100000111110000011111000001111100001111100000111
1111001111111100011111110001111110000111111000011111100001111110000111000000000011101000000000000000
1111111111111111111111111111111111100111111000000111000000011000000011100000011100000001110000000111
0000000001000000011100000001110001101111001110111100110010010011001100011100100111111011111111111111
1111111111111111011111111010111111101011110001000110001110001000111001100001000100000000100000000000
1111111100111111110111110001011111100101111111000111111110011100010000000001000000000011000000000000
0001111100111111111111111000111111100010111101000011110100011111011001111111000110010000110001001000
1111111000111111111011111011111111100111111100001111100000001100000000000000000000111111100001111110
1111001111111100111111000001111100000011110000001111000000111100000011110000001111000000111100000011
1111111110111111111011100011111110000111111000001111111000001101110000110011000011000000001100000000
1011001111101100111111100001111111000111101100011110100001111000000111100000000000000000000011011000
0001111110010111011100101110110000011011000000000111000101111111100010111110000010100000000010001110
1111110000111111000011111100001111000000111001000111101001000111000110011110011001111111100000001111
1111111111111111111011111000101111110010111110000111110000011111000001111100000111100000001110000000
1111001100111111111011111111101111111110111111111011111111111111111000000010000000001001000000100100
1110011100111011110011111111001111111111010111111001011110010011100001011110000101100000010000000001
1111001100111111110011111111001111111100111111111011111111111111100100000010010000000001000000000100
1110000000111011100011111110001111111000111111110011111111101111111100000100100000010010000001001000
