1111111111111001111111100111111000100011100000001100001111110000001011000000001100000011110000001111
0001110000110111011110010001110001000010000000000000000000000001100000000110000011111111111111111111
1011111111110001111111000111111010000111000001111100000011110000000111000000111100000111110000111111
1111111111111111111111111111111111100001111000000111100000001110000001111000011111110011111111111111
1111011111111100001111000000111101000111111100011111100001111110000111110000011111000001111111100111
1111111001111111111011110001101000000110100000011110001101111000111111100111111111111111111111111111
0000100010000000000000100111001100001100110000010111000011011110001101111000111111110011110111011111
0011001110000000111000000001100000000101010000100000000110000001110000011100001111111100011111111001
1100011111111000111111100011111110000111111000011111100001111110010011111001001100000000011111100111
0000111010111100111111100001111111000001111000110011110011101111010111111101011111111111111111101111
1011111110101110111010110011101001111110100101111010000011001000011100100001110110000111011000111101
1111000100111111100011111111111001111101110111101111111111100000000110000000011100100000111110000111
0000000011000000001001000000001110110000011111000011111100001111110000111111000011110000011001011111
0000000000000000000000000100000000110000000011100000001110000000111110000011100011001110001111111100
1000000000110000000011110000000011110000001011110001101111100011111110001011000000000000110000000011
0000000000000000000000000000000001111000000111000000001100000000110000000011100011111111111111111111
1110000010000000000000000000110000001111000111111100001111110010111111010011111100000011110000001111
1111111111111100111111110001110000000000000000000000000000000001000001111110001111111001111111111111
1111001111111000011111100001111110000111000001000100000000010001011101111100111111110001111111111111
0000000000000000000000000000010000010000000110100101011110011111110011111111111111010111111000001111
1111111111111111111111111111111110011111111001111111100000111100000011100000000010000000110000001100
1100000000111110000011111100001100011000111001100011100011001110001111111110111111111111110111101111
1111111110111111111111111111111111111111100111111110001100111110000010111000000011100000001111110000
0000000000111000000011110000001100011000110111110011111111001111011100101001111000100111100010001110
0000000000000001000000110000000111001000011110110001111111010110111001110111100111011111010000000001
1011101111101110111110000001111000000111111000011111000001111100000111110000011111100001111110000111
1111011011111111111111111011111111111111011001000100000001110000001111000010111100000100000000001000
0000111111000010111100001011110000111111000011111100001011110000100111000000011100100000110000111111
1101111111110111111111100111111110001111111000111111100001111100000111100000011111100001111101000111
1111011111111100111111100011111110001111000000000100000000010000000001111001111111100011111111111111
1111001111111100001111110001111111111111000000001100000000000000110010111010111111100000111111101111
1110111111110000111111000011111000000111010000011111000011111100000111110000111110000011111000001111
1111011000111100100011110011001011001100011110110011111111101111111100011111110000010111000000111000
0011111111001111111100111111110010001111000111111100001111111000011000110000000011111101001111110000
1111100000111110000011111100001111110000111111000011111100001000000000100000000010000011101000001111
0000000000000000001100000001110001111111000111011111000111111100011111110000011111000011111101001111
1110111100111100100011110100011111010000111000000011010000001111010000110001000011100100001110010000
0100010000110010010111010000011111000011000010000111111111011100111011110011100011101110011100111100
1110000111110000001111000001111100000101110000011110000001111000000111110000001111100001111101101111
1100111111110001100110000000110000000011100000001111000000011101000100111110111111111111001111111100
0111111111011111111111110111111000000101111000001111000000000011000000111000001100000010010000001100
1111111101111111010011100000101100000010110000001111000010101100011000110011101011001110100000111010
1111101101111110110111110000010000000011000000111100100001110110001111000000011100000001111011001111
1111111111111111111111111011111111000111111110000111111100001111110000111111000000000000000000000000
0001000000011100000011100000001000000000000000111100101111110001111111100011100111100000111111111111
1111011111111001111111100011111110001111111000111111100111111110001111000000000000000000001110000000
1111111111111111111111110011111111001111111001111111100011011100111100001111100000000000000000000000
1111111110111100111011000010000100001000110000000010001000000000111000000011100011111110001111111111
0001111111000110011100011111110001111111000111110100010001010001000101000100000100010000110000000001
1100001100110001000111000000010100000001010000000101001100110101110011011111001101101011111111111111
0001100100011110000011111010000111111001001001100111001111011000111100001111110000011111010000000001
1111111111111111110111110010111101000001100000001111110000111110000011111000001111100000111111111111
1111011111000000000000000011001110011011110001110111000111001100001101110000000110000001111010001111
0000000000000000011101111001111111011111111101111111110011111111000111111100000111110011111111010011
1111100000111110000011111111001000111000110000000011000011110000000000011000000011110000001111110000
1111111111111001111111000011111100000111111000111111100011111110001111110000111111000011111100001111
0000000000000000000011111111001111111100111101110011100011000111011110011100111101110011110111001110
0000000100000001111000000011100000001110000001100001101111100111011111011100111101100011110011111111
1111111111111111001111000100001101111000110111000010001000011001111001100111100011010000001111010111
1100111010100000001010000000001000000000000001111000010111111011011011101101111110110001111000000111
1111111111111111111111110011111111000111111000011111000110111000000010000011000001000100000000000000
1100001001100101110110100111101000001111110000111100000001111111000111111000011111100011011100101001
1111110110111000111001100011101100001110110001111011000001101110000010111100011011110001111111000110
1000011111100011111110001111111000111111100001100110000011011010101111101000100110000000011000000011
1111111111111111111111011111110000000011000000111100000001110000000111000000001100000000110000000011
1111111110111111111111101001011110000000110100000011110000001111000000111000000011110000111111111111
1111111111111111111111110011111111000111110000111100000011110000000000000000000000000000010000001111
1111111100111101000011100000001110000001110000000111000000111100000011111100001111110100111111010111
1111111111111110111111100001111110000011111000011111100001111110000111111000011111100001111111111111
1111111111111111111111111111111111001111111000111100000000000000100000000000000000000000000000000000
1000000000111000000001110000000111110000011111110001111111100111111110000110000000000000110000000000
1111011111111001011111000001110100000111011000101111100010011110001101100110100010011010011000101001
1111111100111111110011111110000011101000001100110001111111100111110110000110000000000000110000000011
1111110000111111000011111000001111000000110010100010000111001011111101111110010111111101011111111101
0000000000000001100000000110000000111000000011100000001110001111111111111111011111111111111111111111
1111111111111111111111110011110000000011000000100000100010000001011000000000000000000000000000000000
1100100001100000111100000001111000000001111110000111111110001101110000111110000011010011001101101000
1111111100111111111011111111111111111111110011111111000101111100000001110000000011000000001001000000
1111100000111111000011111000001111110000111111100011111101100111100110000110000000000001110000000000
0000000000000000000011100000001111100001111110001101111100111111110011111110001111111010111111111000
0100111111100111111100000111110001011111001100110111111110100111111110001111110100011111010001111111
1111111111111010011111100001111110000111111000011111100001111110000011111000001111100000111111111111
1111111011111111110101111110111110000011111000001100000000110000000011110000001110001110111011111011
1111111111111111111111111011110011110111011111011101110111111000000000000000111100000000000000000000
0000000000000000000000000100000000110000000011100000001110000000111110000011100011001110001111111100
1111111011010111001100000100001110010000111111001111111100111000100000101110000011111010001111000000
1111111111011100000001110110100111101111111100111101110011111111001111011100111100000000000000000000
1011000000101000000110000001111000000111111011011111100001111111001111101000011110000001111000000001
0000000001000000000100000001010000100011000011011011001110111100111111000111111100011110110000101011
1110000111111000011111100001111110000111111000011111100001111110000111111000001011110000111110011001
1111111111110001111111000111111100011111110001111111000111111100011111110101111111010111000000000000
1000000000100000000110000111111010111111101000111110110001111000000111100000000011100000001111111111
0000000000100000000011110000001111000011000100001101111100111111100011111111001111111100011111111011
1111100100111110001010111000110011100000000000000000000000000000000000000000011111100001111111111111
1110001111111000011101000010110100110011100000001100000001110001000111000100011000000001100011111100
1111000111111111001111111110111110000011111000011111100001111110000111111000011111110001111111010011
1111100000001110000001111000000011110000001110100000111110000011111100001111110000011111100000010011
1111111111111100111111110000110000000000000000010000000000000001000001111110001111111001111111111111
1111100111111110011111111000111111100011111110011111101001111110100111111010000100001000000000100000
1111111111110111111100001011110000000111000000011111001101100111111110001111111100111111110111111111
1111111111111111111111111011111111101111111100011111000000110100000001000000010100000001111100000011
1111111111110010111111101001111110110111110011001111000000111100000011110000000110010001010001000000
1111111111111111111111111111111111100001111100000111100010110000000011000001011100000011110000001000
1111111111111000000000000010001100101011110111110110000111011100001101111000000111000001110000000111
1000001100101100100011111000001011110110101111111011101001101110000100011110110011111111000101110010
1000000000100000000010000001111000001111110110111111011111111111111111101100111110000000111110000000
1111111111111111111111111111111111001111111000111110000000110000010000000000000000000000000000000000
1111111110111111111111111111111110100111111100011111110000111111000111111100000011100000001000000000
1000000000101110000010111100001011000001101100000110111100001011010001110111000111011100001100000000
0100011111111011111111111111110111111111011111111101111110010100010011000000001100000000010000000001
1111111111111111111111101111111110000111111010000111100000001111100000111110000010000000001000000000
1100000111111000011111100001111111010011100000000110011010001111010100111111111111111111111111111111
1111111010111001110011100010001110010000111111100011001101111110000111100000000001100000000101001010
0110000000010000100000001110000000011000000011100011111110001111111100111111110011111111011111111101
1111111111111101111111100011111110001111110000111111000011101110001111111000111111100011111110101111
1111000000111100000011111000000111111100001101110011111111100111110110000110000000000001110000000011
1111110011111100011011100000001100100000000000000000001100000000110000000110000001011000001101100000
1011100000101000000110000001111000100111111111111111101011111110000111111000011110000001111000000001
0000000000100000000011110000001111000001000100001101111000111111110011111101001111111100011111111000
1111111111111111111111111111111111111111111111111111001111111100011011110100000011000000001111100000
1111100100111110001010111000110011100000000000000000000000000000000000000000011111100001111111111111
0000000111001111110111110011111000000011100000011111100000111110000011111000001111101000111111111111
1101000010100000011011010101101100000111100000001101110000011111111011111111111111111111111111111111
1000100000100100101110110000111111001111000001101011111111111111110100100011000011011110101110011100
1111011111111101111111100001111111000111111001011111100001110110000001111000000000011000000010000001
1111111111111111110101110000111110000011111000001100000000110000000011000000001100011110110001111011
1110011111111000011111110001111111000111111100011111110001111111000111111001011111110000001111110111
1100000000110000000010000000001000011100001111110011111111111011111111101101111110000011111000001011
1111111111111111111111111111111111111001111111100011111100001111100000111100000001100000000010000000
1111111111101100011111110000111110010011101011101110101100111010000011100000011110110001111100001111
1100011111110001111111000011111100001111110000111111000001111100000111000000001100010001110000000111
1011111110110111110011000100001101100000100110000000110000000111000000111000000111000001111001101111
1101111111110111111111100111111110001111111000111111100001111100000111100000011111100001111101000111
1111111111111110111111101001111110110011101000001110000001111001000111100000011110110010110010000000
1000000000100000000010000000111000000111111111111111111111111111111111100110011110000000001110000000
0011111100001111100000101100000000110010100000001000100000110011000000011110010011111001101100100110
1111111111111101111111100111111111001111111011111111011110011100001000100000100000000000000000000000
1111001111111101111111100111111110001111110000011110000000110010000101100000011111000111111110011110
1101111100110000000011000000000100000000010000000001001100110110111011011010001100101011111111111111
1111111111111000000111100001011100110111110000011111100001101111000110111001000011110000001111000000
1111111110111111100010111000001011100000100100000010000000011100000011110000001111001000001110100000
1111110001111111100111111100001111110000111111000011111100001111010000111100000000000000000000000000
1111111111111111111111100111111110011111110001110111001111011000011100000000000001000010000000000000
1111011000111101100011100100001100000000100000000011110100001111111010111111101011111110001110110000
0000000000110000000011000001001110000100111010010011101001111110111101110000100111111111001011111100
1111111111111001111111000011111100000111111000111111100011111110001111110000111111000011111100001111
1111011011110000001111000000111110000011111000011111100001101111111111110111100011011100001101110100
1110001111111000011111000000111001000011100000000111000011111100001111111000111111110000111111111011
1111111111111111111111111111111110011111110000011111000110111100000000101100100010000000001000000000
1111111111111100111111110001111111001111111100111111100011111110011111000000000000000000000000000000
0000000000111111110011111111001111111100111101110011110011000110001110111000011111000011111000000111
1011000010101001000110000001111000000111101110111111000011111110001111111000111110000001111000000001
1110001111111000111111110011111111000111111100111111110001001110000000111000000000000000001110111001
1000000000111110000000001000000000100000111010000011110000111111000011011110001111111000111111010011
0001110000110111011110010001110001000010000000000000000000000001100000000110000011111111111111111111
1111111111111111111111000000111000000011100000001110001000111000000011100000001110000000111000000011
1001111110101111111110000111111000000000100000000001000000001100000001110111100111111111011111011101
1111110011111100011011100000001100100000000000000000001100000000110000000110000001011000001101100000
1111101111110000001111000000111100000011010000000100001110010001011001110111111111111111111111011111
0001100111001100011101110011110110011111111000111111000011111100001111110000111100000001110000000011
0111001110011100010111110000111100111001111001100011110000011110000011111000011111100001111111010011
0011111111001111111101111111110011101111000000001100000001110000000111000000001100000000110010000001
1111111111111111111111110011111111001111111001111111101111111100000001111000000000000000000000000000
1111111111101100111111110001111110011111100011111111001111111010000111100000011110100001111011000111
0111111111011001111101100011110100000011110000001111100001111110001111111000111111110011111111001111
1111111110111100111011000010000100001000110000000010001000000000111000000011100011111110001111111111
0000000000000011100010000110001100011100111001110011101111001110011100111000100111111100111111110001
1100111111110011111100111111110001111011000100000100010100010001000011000100011100000000010000000000
1111000000111100000011110000001111000000100000000011111000001111110001111111000111111100000001100000
1111100111111110011111110000111110100011111000000111100000111111101111111110111111110000111111111111
1110101111110000011110000000111000001011000000001100000000111111110111111111111111111111111111111111
1111111111111111111111110011111100000011111100000111111100010111111001101111111111100111111111111111
0000000000000001100000000110000000111000000011100000001110001111111111111111011111111111111111111111
1111000011111100000111110100001110000000111110000011111100001111110000111011000011001100001100100000
1101111000111110110011111111101111110111111111001000000000100000010010000011000000011100010011111000
1101100000111000000010000110001111111000011111000000011100010001111000011101100011101110001000000000
1100100111001111001100011110010111111001011100000101110000110111111101011111111101000000110000000011
0000000000000000000011000000001101100110111100111011111011101111001110111110000011111111111111111111
1111100000111111000011111000000111101000011110110001111011100111100110000110000000000000110000000000
1110000111111111111111111111111101111101111011111110111111110010011001111000000000000000000000000000
1111111111111111111011111111111100100001000000000100000000010000000001100000001111111101111011111001
1111001111111111111111111111111111001111111100011111100001111100000000000000000000000000000000000000
1111111111111100011111110000111110000001110010000111111100011111110011111111001111111100010110010000
1111111000111000000011111100001111011000111000100011100010001111001000111100100011111000001111110000
1110111111110000111111000011111000000111010000011111000011111100000111110000111110000011111000001111
0000000000000000000000000000000000000000110111100011111111000111111100111111110011011110001101111100
1110100001110000001111110001001011111000101101100010110010000100000000001111110000011111111110000011
1111111111111100111101011000000000000000011100111111110011110111111111000000100000000000000000000000
1110000000000000000000000000011000000111100011111111000111111100001110111000111110000011111110101111
1111111000110000000011000000001100000001110000000111001000001100100001110010000111001000001100000000
0000000000000000000000000000000000000001011111100101101011100111111101011111100101111101110000000000
1111110111111111011111111111110000000000111000000011001001111000000001100100000110010000011110100001
1000000011000000000000000000010000011011000011001001001101110111111111110011111101000111110000011111
1111100000111100000111100000111100000011100000001111000000011100000001110000001110000000111011001111
1000111111100001111111000111111000111111111111111011111101011100000110110000000010000000000000011011
0110000000010000100000001110000000011000000011100011111110001111111100111111110011111111011111111101
1110100001100000111100000000110000000001000111000101101110000010111001111011110011101111001110111000
1100000110111111111011011111101111111101111011111111111111110011111111111000001111100000000000000000
1111110111111100001111110000111111100011111100000110000010011100001100110011100010100001001110000000
1111111111111110011111111001111111000011111100101111100010111000011010000001100000000000000000000000
0000111111000011111100001111110000111111000011111100000001110000000111001000000100111001100001101111
1111111000111110110011110001001111000000111100000011100000001110000000111001010011101111111111111111
1111111101111111010011100000101100000010110000001111000010101100011000110011101011001110100000111010
1111111111111111111111111111111111111111101111111110000001000000001100000000000000000000000000000001
1001111111100111111111111111111100111111101011111111001111110000100111000000000100000000000000000000
0000000000000011100010000110001100011100111001110011101111001110011100111000100111111100111111110001
1111111100111111100011111000001111000000111000000011100000001000000000110000000111100000001110000000
1111111100111111111011111111111100111111110011011111000100111110010001110000000011000000001000000000
1111111110111100111011100011100110001110000000111010000011101111000110111000011011110001101111000110
1111000111111000011111100001111110000111111000011111100001111110000111111001011101000101111110110111
0000000001000000000101000100011100010000110001101011110111111111001111010000101101111110110111111111
1111110011111111001111111000111111000011111000011111100011101100001000110010000011000000001111001000
1111111111111111111111110011111111000111110000111100000011110000000000000000000000000000010000001111
1001111111000001111100000000010000011000111101100011111101000111011110011100111101111111110011111111
1110000111011111111111011110111101111101111111111010111111111010100010111000001100000000000000000000
1110111111111001111110111111111011011010001001101000000110100000011010000001111000001111100000011100
1111111111111111111111111111111111111111111110111111110000011110000000000000000011100000011111111011
1100000011111000111111100011111110101111111010111111101011111110101111000000010000000000000000100000
1111111111111111111100111111110011111100011000000001000001000000000111000000000000000000000000000000
0111111111011010000111100000011010000010110000010111000010111000000001110100001111100000111111000011
1110111111110001111111000011111100000111100011110110011110001000000000001111100000011110000000010000
1111111111011100000001110110100111101111111100111101110011111111001111011100111100000000000000000000
0000000111000000111000000000000110100000011111000001111100001111110000111111000011110100011101011111
1111011111111111101111111111111110001010111000111111100011010010001111000000000000000000000000000000
1111111111111101111111100111111110001111111011111111000010011101110000000111000000000000000000000000
1111100001111011110011110010001111000000100000000010000000001100110000111011000011111100001111110000
0001111111000001111100000000000000111000100101100000011100000111111000010111111101111111110110111111
1111101100111100100000000000100000000100000000110001100111011000001111110101111111100111111100111111
0000000000000000000011100000001111100011000110000101111100111111110011111111001111111111010111111111
1111111111111100011111000000111110000000111000000111100001111110000111111000011111100001111110001111
1000000000100000000010000000111000000111110100111111011111111101111111100111111110110001111010000000
1111111101110001111111000011111110011111111111111011111101001100000110111000000010000000000000001011
