0111111111011111111101111111110111101111011100011001111111000100110100110000001010000000101000000011
1111111111111111111111111011111110000111101000111110100001111000000111100000001100000000000000000000
1111000111110000000011000000000001000000001100000011111100001111111100111110000011110000001111000000
1000001111100100011110011111111111111111100111111100000001111000001111111001111111110111111111101111
1111111111111111111111111111111111101111011100111100000000100000000000000000000000000000000001111111
1111110000111100000011110000001111000000111100100011110010001111001111111101111111110111111111001111
1111101111111100011111111011111110000011110000001100000001110011001111001000111100000001110000000011
0000111111011001111111000111111000011111100001111110000111111100111111100101111110110111111111011111
1111000000111111000011111111001111100000111110001111111100011111110011111001000111110000011100000000
1111111111111111111111111011111111001111111100001111110000011111000000111100000011010000001101000000
1111110000111110000011100000001111110000111111100011111100001111110000111110000011111000001111100000
1111110110111100011011110001101111011110111011110011111111101111000010111100000001100000101100000000
1111000111111000001111100000111110000011111000001111110000111111000001110100000111000000001100000010
1110010001111001000111100100011110010001001001000101111100011011111001100010111110001000011111111101
0000000011000000001100001000000001100000000111000000101100000011110000000011100000001110000000111000
1111111111111100111111111011111111111111111111111111111111111100000000100000000000000000001100000000
1111001111111100111111100001111110000111111000111111000011111000001111110000011111101110111110011011
1100110111010111110101111111010111111101111111110011111111001111111100101111110000000001110000000011
1111111000110000000011000000001000000000110000000011111110111111111001111111100111111110001111110000
0000111111010011111101100111110010011111000001111100000111010000011101000000000100000000110000000011
1001111110100011111000000111100000000110000000000000000000000000000000000000000010011001101111101111
1111111111111111111111111100111111110011111110001111111000111111100011111100001111100000010000000000
1111111111111111111111111100111111110011111110001111111000111111100011111100001111100000010000000000
1110111111000011001100000000011100000001111000000111100000011111000001111111000111001111011100000001
1100001111110001011111000111111100001111100000111110000011111000001111100000111100000011110000001111
1100011100110001100011101100011100110001001011011100111111110111111111001111111111111100001111000000
1111111111111111111111100111111110001111111000111111010111111100111111110000100111000010001000000111
1111011111110000001111000000111100000011110000001111000010111100000011110000001111000000111110000011
0010011111111001111110000111111000011101100000110000000001000000000111100000101110000000111000000011
1110000111110000011110000111111000011111100001111110000111111000011111000000111100000011110000001111
1111111111111111111111110011111111000111111000001111100000111110000111000000011100000100110000010011
1100011111110001111111000111110000001111000001111110000011110000001111000001011100000101111111110111
1111000111111000001111101001011110000001111000011111100001111100000110111000010011100001000100000100
0011101111000000011100000001110000000011000000001100000000000000011001000001100100001110010011111011
1111100001111000001111000000011000000011100000001110000110111000011011100001101110000100110000101111
1110000001110000000011000000001000000000110000000011010000001110000000111111110111111111111111111111
1111111111111110111111110001111111000111111000111111100001111110000111111000011111100110111110111001
0000000000001111111111110011111111001111111100011111110001111111000111111110111100000000010000000000
1111000000111111000011111001101111000010111110001011111000101111100111110000011010110001101100000000
1111000111110000001111000001111100000111110000011110000001111000000111100000011110111101111111110111
1110111111111000111110011111110101111111000000111111100011111111000011111100001111000000011000000000
1010001111101100001111100100111111100011111100001111110000110111100010011100110011100011001011101110
1111010111110000011110000000111100000011110000101111101110111110000001110000000111000000011100000001
1111111111111100111111110000111100000011110000011111000011111000001111110000111110000001111000000111
1110000111110000001111000000111100000011110000001111011001111101100011110100001111000000111110000011
1111001111111000011111100001111110000111111000011111100001111110000111111000011111010001111111000111
1110000000111000000011000000001100000000110000000011000000101111111000111111100011111111001111111111
0011111101001111111100110011110011000111101100111110110111111011001111001000011100110001000011000000
0001111111000100011100000001110011100000001110100011001000001100000000100000110001111111111111100011
0000000000000000000000000000000000000000000000000000000000000000000111111101111111111111111111111111
1111111110111100111011110011101110011110111001111011110001001110000101111001100011000100000000111000
1111111111101111111110011111111001111111100001111100000011111000011111110001111111100000110000000000
1111111111111111111111111111111111101100111100001010100000001111000000111100000011100000001100000000
0011111101001111111100011111110111101111111100111111000000010000000001100000000110000000110011101011
1111001111110000011111100000011110001001111000000111100000011110000011111100000111110000011111001011
1111111111111100111111100011111110001111111000111111000011111100001111110000011111101101111100110011
1111111000110000000011000000001000000000110000000011111110111111111001111111100111111110001111110000
1111101111111101111111111111111111111111111111111111110010001100000000110000000011100000001111100111
1111000111111000001111000000111000000011000100001110000000011111100001111111011111111111111111111011
0000000111000000011100000001110000000111000000011100000001110000000111110110111111111111111111111111
1110000001011001001110100011111010011111101000111110100011111010001111101101111100110111110010011100
1111111111111111111111100111111110001111111000111111010111111100111111110000100111000010001000000111
1111011111011111111111111111111111110111111110011111110000001110000000110000000010000000000111000000
1111111111111100111111100001111100000011110000001111000011111100001111110000111111000011111100000111
1111001111111110111111110000011111000000111110000011111000001110010000000000000000000000000000000000
0000000000000000000000000111000000011100000001111000001111100000111110000011110000001111000000111110
1111111111111110111111111001111111000111111000001111100000111110000011111000001101100000110111000011
0000000011111111111111111111110011111111001111110110011111000000111000000000000101111111111111111101
1111000001111111000011110000001111100000111110000011111000001000000000000000111111001111001111110000
1100000011000111000011000001111100000011100000000110000000011000000001110000011111110111111111111111
1111111111111111111100001111110000001111000000111111100001111111100000111000000011000000001111111111
1111111111111111111111111111111111111111111111111111111100001111010000101000000000010000001111110011
1111111110111111111011111111001111111100000000000000000000000000100000000000000000000000001111001111
1111111000110000000011000000001000000000110000000011111110111111111001111111100111111110001111110000
1111111111111100111111111011110000000111111000001111100000111110000111010000111100000001110110010011
0000000000000000000000000000000000000000000000000000000000000000000000000000000011111001111111111111
1111111000111111110011111111101111111110111010111111100011111110001111011000011100000011110000001111
0000001111000000111100000011110000011111010001111101000111111111011111011101111101110111110111011111
1111111110111111111111111011001111100000101100000110000000111000100111111100001111110000111111000011
1110111111111001001100000000111111000001111100000111100000111000000111000000111111110011110111001111
1111111111111111111111111111111111011111000100111100000000000000000000000000000000000001111111111111
1100110001110001000100000100010000000001000001000111000100010000011111111001111111100111111110011111
1111101101111110010111110000011111000001111101100111110110000111111000011111100000001110000000000000
1111111111111111111111110011110110000111111000001100000000010111000000100000000000000000010000000111
1100000000111000000011101000001100010000110001000000000000000000001000111111110111111111111110001111
0000001110000001111100001111010001111101000111110000001111000001111100001111110100111111110011111110
0000000000000110000000011100000001110000000111000000011100000000100000000110011111111111111111111111
0001100011111100001111111000111101110001000111000100011100010001110001111111000011110000001111001000
1111111111111101111111110011111110001111111000111111100011110000001111000010011100000101101110100000
0001111111000100011100000001110011100000001110100011001000001100000000100000110001111111111111100011
1001110001000001001100000000110000000011000001001100000100010000100011111010111111101011111111111111
1111000111111000001111100000111110000011111000001111110000111111000001110100000111000000001100000010
1111111111111110011111110001111111000111111100011111110001111111000111101100110111110010010000001000
1111000001111111000011110000001111100000111110000011111000001000000000000000111111001111001111110000
1110000011111000111111100011111110000111001000011100000011110000001111000000111100000011110011001111
1100110001110001000100000100010000000001000001000111000100010000011111111001111111100111111110011111
1011111111110111111111000000011100000011110110101111000000111100001001110000000110000000010000000001
1111001111111000111111100001111100000111111000011111100011111100001111110000111111000011111110001111
1111111111111111111111111111111110011100111001100010011100001100000000000000000000000000000111111111
0000000111000000001100001000110000000011110010001111110001111111101111111001111111111111111111111111
0111110111001110011111111001111111100111010000101100001001010011000111111100011100000001111100000011
1100011111110001111111000111110000001111000001111110000011110000001111000001011100000101111111110111
1111111111111100000111100000011110000001011100000100111000011111000001110000000110000000011000000111
1111111111111000111111100001111111000111111000111111100001111110000111111000011111101110111100111001
1111111111111111111111111111111111100011111100001011100000101110000110111000011011100000100000000000
1111100011111111111111111111111110111100111100001111000000111110000001111000000111100000011110000000
1100000011000111000011000001111100000011100000000110000000011000000001110000011111110111111111111111
0111111111011111111101110011110011001111000000110000000011000000000000000000000111111111111111111111
1111111111111110111111110011111111100111100100001100000000111111000001111100000011110000011111000001
0000111111010011111101100111110010011111000001111100000111010000011101000000000100000000110000000011
0000000000000000000000000111000000011100000001111000001111100000111110000011110000001111000000111110
0001111100000111110000010111000000011100000001110000010111000001011100111101111111110111111111111111
1111111111111111111111110011111111001111101100111110100011111000000111100000001100000000000000000000
1100001111110001011111000111111100001111100000111110000011111000001111100000111100000011110000001111
1111111111111111111111111111111111100011111100001011100000101110000110111000011011100000100000000000
1111111111111100111111100011111100001111110000011111100011111110001111111100011100000000000000000000
0000000000000000000000000111000000011100000001111000001111100000111110000011110000001111000000111110
0000000000000000000000000000000000000000000000000000000000000000000000000000000011111001111111111111
1111111111111100111111110001111110000111110000011100000000111110000000000000000000000000110000000111
1111001111111000111111100001111100000111111000011111100011111100001111110000111111000011111110001111
0111111111011111111101111111110111101111011100011001111111000100110100110000001010000000101000000011
1000011111100011111100001001111100000111100000011110001111111110000111001000000100000000011000000000
0000000000000111111011111110101100111011100000111110000001111100100111111000111111111111111111111111
1111000001111111000011110000001111100000111110000011111000001000000000000000111111001111001111110000
1111111111110011111111000111111110111111110000011111000000010100000000000000000011110000001111111111
0000000111000000001100001000110000000011110010001111110001111111101111111001111111111111111111111111
1111111110111110111011100000101100000000110000000011111000001111100000111110000011111000001111101000
1100000000111000000011101000001100010000110001000000000000000000001000111111110111111111111110001111
0111111111011111111101110011110000000111000100011101100001110001100110000010111100000111110000111111
0000000000000000000000000100000000000000000100000000000000000000000000111000111111101111111111111111
1111111111111100011111000001111100000111111000011111100001111111101111101110100111100010011000001000
1100000111000111100011100001111100000011100000000110000000011000000001111000001111111111111111111111
1111100011111000000111100000011110000000111000000011100000011101111001111111100111111110011111111011
1100110111010111110101111111010111111101111111110011111111001111111100101111110000000001110000000011
1000011111100011111100001001111100000111100000011110001111111110000111001000000100000000011000000000
1110111111111111111110100011111011001111111000111111100011111111000111111000001110000000001000000001
0000000111000000011100000001110000000111000000011100000001110000000111110110111111111111111111111111
1111100101111110011011111100101111110000111110000011111110001111100000111010000011101000001110100000
0000000011000000001100001000000001100000000111000000101100000011110000000011100000001110000000111000
1111010111110000011110000000111100000011110000101111101110111110000001110000000111000000011100000001
0000001110000001111100001111010001111101000111110000001111000001111100001111110100111111110011111110
1111111111111111111111111111111111111111111111111111111100001111010000111000000000011000001111110011
1110010011110000001111000000111100000011110000001111100000111111000011111100011111110001111111000111
1000110000100000000010000000011000000001101100001110111100110010000011010000000101000011110000000001
1111111100111111111011111111101111001111111100111111110011111111001111011000111100000011110000001111
0000000000000000000000000100000000000000000100000000000000000000000000111000111111101111111111111111
0001111111000100011100000001110011100000001110100011001000001100000000100000110001111111111111100011
1111111111111110111111111011111110001111111010011100000000110000000011100000000110000000010000000001
0000000000000000000000000000011100000011111000011111110001111111000111111111111111111111111111111111
1000110000100000000010000000011000000001101100001110111100110010000011010000000101000011110000000001
1111111111111100011111101111111100000111110000111111000111111100011110110000011010000000001000000000
1100110001110001000100000100010000000001000001000111000100010000011111111001111111100111111110011111
1111111111111100011111101111111100000111110000111111000111111100011110110000011010000000001000000000
0111111111001111111101110011111111001111111000001111110011111110001110111000000011000001100000000000
1111111110111100111011110011101110011110111001111011110001001110000101111001100011000100000000111000
0000000000000000000000000100000000000000000100000000000000000000000000111000111111101111111111111111
1111000111110000000110000000011000000001101000000110110000001100000000111101000111111100011111110011
1111101100111110011111110001111111100111111100011111110001111111000111111110011111101100111111111111
0000000000000111000000011111000011111100001111110000011111100001111100001111111000110111101111011111
1110000001110000000011000000001000000000110000000011010000001110000000111111110111111111111111111111
1101111110110111111011011111101101000110110110011011010000101101100010110110010111010011011101000101
1001111111101111000110000011111000010111110000111111000001111100000111110000001110000000110000000011
1111101101111110010111110000011111000001111101100111110110000111111000011111100000001110000000000000
1110000001111000001011000100101111111010111111001011110100101000001100110000010011110001011111100101
0000000000000110000000011100000001110000000111000000011100000000100000000110011111111111111111111111
0001111100000111110000010111000000011100000001110000010111000001011100111101111111110111111111111111
1111111111111111111111111111111111100011111100001011100000101110000110111000011011100000100000000000
1111111111111111111111111111111111101100111100001010100000001111000000111100000011100000001100000000
1110000001011001001110100011111010011111101000111110100011111010001111101101111100110111110010011100
0000000000000111111011111110101100111011100000111110000001111100100111111000111111111111111111111111
1110000001110000000011000000001000000000110000000011010000001110000000111111110111111111111111111111
1111111111111110111111111001111111000111111100001011110000001100000000100000000011111000001111111111
1000000011111000011110111101100001111010000111111100001111110001111111010111111101111001111111000000
1111111111111111111111111011111111001111111100001111110000011111000000111100000011010000001101000000
1111100000111111100011111111001111111110111111111011111111111000110001000000000000000001101111110100
1111111111111100011111101111111100000111110000111111000111111100011110110000011010000000001000000000
1110010001111001000111100100011110010001001001000101111100011011111001100010111110001000011111111101
0000000000000110000000011100000001110000000111000000011100000000100000000110011111111111111111111111
0011101111000000011100000001110000000011000000001100000000000000011001000001100100001110010011111011
1111111111111111111111110011111111001111111100011111100000111100000111110000111111000001110000000001
0000000000000111000000011111000011111100001111110000011111100001111100001111111000110111101111011111
1011101111001110011110111001111011001111111100011101110001110111000111111100001100000001111000000111
1111111111111111111111110011111111001111111100011111100000111100000111110000111111000001110000000001
0000000000000000000111110111111111001111111100011111110001111111001111111100011111111001110001110111
1000000011111000011110111101100001111010000111111100001111110001111111010111111101111001111111000000
1111111100111111111011111111101110011111110000111111000001111110001111111000111100000011110000001111
0000001110000001111100001111010001111101000111110000001111000001111100001111110100111111110011111110
0000001111000000111100110011111111001111111000111111100001111110000111011100011101100001110000000111
0111111111011111111101111111111111111111010011011100001101111000100000010000000000000000001111000000
1111100101111110011011111100101111110000111110000011111110001111100000111010000011101000001110100000
1111111110111111111011111111001111111100000000000000000000000000100000000000000000000000001111001111
0000000000000000000000000011101000111111101011111111111111111111011111111111111101111111100011111110
0000000000000000000000011110000000111000000011000000001110000000111000000011100000000110001111111111
0010011111111001111110000111111000011101100000110000000001000000000111100000101110000000111000000011
0011111111001111111100111011111001001111100101111111010111111101000111110100011100010001000001010000
0001111100000111110000010111000000011100000001110000010111000001011100111101111111110111111111111111
1111111111111101111111111111111111111111111111111111110100001100000000000000000010000000001110000111
1110000111000111100111100001111100000011100000000110000000011000000001110000001111111111111111111111
1111111111111100111111110011111111111111111111000111110001111110000111111000000111100000011100100001
1011111111110111111111000000011100000011110110101111000000111100001001110000000110000000010000000001
0011100111011100011111110011111110001100000000010000000000000000000000000000000000000000000111111111
1111111111111111111111111111111111111111111001111111000011111000001111000000000000000000000000000000
0000000000001111111111110011111111001111111100011111110001111111000111111110111100000000010000000000
0001111111000100011100000001110011100000001110100011001000001100000000100000110001111111111111100011
1101110000000011000000000010001100111010100011101000001110101111111000111111101001110011100100001100
1111100101111110011011111100101111110000111110000011111110001111100000111010000011101000001110100000
1111111100111111111011111111101111011111111100111111110011111111001111111000111100100011110000001111
1110010001111001000111100100011110010001001001000101111100011011111001100010111110001000011111111101
1111111100111001111011100111101111011100111111110011111111001111100100111000010011100011001110000000
1111111111111111111111110111111111000111111000011111100001111110000111110000111110000001110010000011
1111111111111110111111111001111111000111111100001011110000001100000000100000000011111000001111111111
1111111111011111111111111111110111011111011000111101100011000110001100000100000000010010000000001111
1110001111110000111111000011111100001111110000111111000011111100001111110000011100000101111111110111
1110000000111000000011100000001000110000101100000011100010011110011001110001100011001100111111010111
1111111111111100011111101111111100000111110000111111000111111100011110110000011010000000001000000000
1111100001111111000111111100111111000000111000000011110000001111000000111110000011111000011111100001
1111110000111111110011111111111111111100111111100011111100011110111000111000000010000000001110111111
0000001111011000111111110011111111101111111100111111110011110110001111011000011100000001110000000111
1111100011111101110111100010011110100001111000000011100000001110000000111000000111110000011111100111
1110000001111000001011000100101111111010111111001011110100101000001100110000010011110001011111100101
1001110001000001001100000000110000000011000001001100000100010000100011111010111111101011111111111111
1111111111111111111111011111111000001111100000001100000000010000000000110000000011111111111111111111
1111100101111110011011111100101111110000111110000011111110001111100000111010000011101000001110100000
0000101100001100111111100011111110001111111100111111110111110010011111000000000011100001111110001111
1111000111110000000011000000000001000000001100000011111100001111111100111110000011110000001111000000
1111000000111111110011101111111110011111000011101100000011110000000001100001000011000000000000000000
1111100101111100010111110001011111000101111000011011000001111000001100000000000010000001111111100111
1111111111111110011111110001111111000111111100011111110001111111000111101100110111110010010000001000
1111111111111111111111111111110111110111011110011100111000111100000011011000000100111000000111000000
1111001111111000111111000011111100000111111000011111100001111111000111111100000111111111111111111111
1111111111111100111111110011111110001111111000011111000001111100000011110110001110111000010111100001
0000000111001000011100111111110011111100000001111100111111110011111111000001111100011111110001111111
1111111111111111111111110011111111000111011100011101100001110000000111000000011100000000000000000000
1111000000111111110011101111111110011111000011101100000011110000000001100001000011000000000000000000
1111100011111100001111110000111110000011101000001111110000111111000011111100011111100001111100000011
1111111111111111111111111011111111000111111100011110010001110000000111000000011000000000001111111100
1100000011000111000011000001111100000011100000000110000000011000000001110000011111110111111111111111
1110111111111000111110011111110101111111000000111111100011111111000011111100001111000000011000000000
1000001111100100011110011111111111111111100111111100000001111000001111111001111111110111111111101111
0001111111000100011100000001110011100000001110100011001000001100000000100000110001111111111111100011
0000000000000000111011011111111100111111100011111100001111110001111111001111111100111111110011111110
1111111111111111111100001111110000001111000000111111100001111111100000111000000011000000001111111111
1111111111111111111111111100111111110011111110001111111000111111100011111100001111100000010000000000
1110111111111001111111110111011111011111100000011111000001110110000000000000000011111111111111111111
0000000011111111111111111111110011111111001111110110011111000000111000000000000101111111111111111101
0000111111000111111101110011110111001111111001111111110111111110011111110000110000000011100000000000
0000101100001100111111100011111110001111111100111111110111110010011111000000000011100001111110001111
0111111111011111111101110011110011001111000000110000000011000000000000000000000111111111111111111111
1111100011111111111111111111111110111100111100001111000000111110000001111000000111100000011110000000
0000000011000000001100001000000001100000000111000000101100000011110000000011100000001110000000111000
1111111111111100111111110011111110000111111000011111100001111100000111000000011100000001110000100111
1111100011111000001111100000111100000111110000011111100001111110000111001000011100110001110011000111
1111111110111100111011110011101111101110111111110011111111001111000100111000100011100000001110000000
0011111011001111100101111110000111110000010001100011000110001000111000000011100000011100000001110000
0000000111000000001100001000110000000011110010001111110001111111101111111001111111111111111111111111
1111011111110000001111000000111100000011110000001111000010111100000011110000001111000000111110000011
1111111100111101110011110011101111101100111111110011110111001111000100111000100011100000001110000000
1111111111111100111111110011111111111111111111000111110001111110000111111000000111100000011100100001
1111111111111111111111111001111111100111111100011111100001111111000011100000001100000000111100000111
1000011111100011111100001001111100000111100000011110001111111110000111001000000100000000011000000000
1111110000111110000011100000001111110000111111100011111100001111110000111110000011111000001111100000
1111111111111111111111111011111111100111111000000111100000111100100000000010000011100000101100110011
0000000000000000000000000000000000000000000000000010000000001000000111111101011111111111111111111111
1111111111111111111111111111111111110111111111110010001100000000000100000000000010001100111011111111
0001111111000111111100011011111101001111110100111111010111111101000111110100011100010001000001000000
1111001111111100001111100000111110000011111000001111100000111110000011111000001111100000101100000010
1111100111111100011111110001111110000111011100011101100001110111000111001100111101110011111111000010
1111111111111111111111110011111111001111111100011111100000111100000111110000111111000001110000000001
0000000000000000000000011110000000111000000011000000001110000000111000000011100000000110001111111111
1111111111111111111100001111110000001111000000111111100001111111100000111000000011000000001111111111
1000001111000000011100000001111100000001111000011111110001111111000110111111011011111111111111110101
1111111111111110111111111001111111000111111100001011110000001100000000100000000011111000001111111111
0000000111000000011100000001110000000111000000011100000001110000000111110110111111111111111111111111
0000000000000111111011111110101100111011100000111110000001111100100111111000111111111111111111111111
0000000000000000000000011110000000111000000011000000001110000000111000000011100000000110001111111111
1111000111111000001111101001011110000001111000011111100001111100000110111000010011100001000100000100
0000001111011100111111110011111110001111110000011110100001111110000111111000111100000001110000001111
1111111111111111111111111011111111000111101100111110100011111000000111100000001100000000000000000000
1111111111111100011111000001111100000111111000011111100001111111101111101110100111100010011000001000
0011000001111100111111110011111110000111111000111111110011111111001111111100111111110011111111101111
1111111111111110011111111111111111000111111100001100000000010000000001011100011111100000111110000011
1111111111111111111111111111111111011111001000111100100000000000000000100000000000010000001111111111
0000101100001100111111100011111110001111111100111111110111110010011111000000000011100001111110001111
1111000111110000000110000000011000000001101000000110110000001100000000111101000111111100011111110011
1111111111111100111111111111111111111111111111111111111111111101110000000101000000010100000000010000
1111111111111111111111111011111111111111111111111111111110001100000000000000000010000000001110100111
1110111111111111111110100011111011001111111000111111100011111111000111111000001110000000001000000001
1000111111011100111111110001111111000111111100001111100000110111000111111000011100000001110000001111
0111111111011111111101110011110011001111000000110000000011000000000000000000000111111111111111111111
1111111111111111111111110111111111011111111111111111111111111111111111111001000001100001001100000100
1111111111100111111110101111111010111111110000111111000001110000000011000000000011011011111111111111
1011111000001101110000110011000011001100001100011111110010111111001111111100111111101011111111111111
1111111110111111111011111111001111111100000000000000000000000000100000000000000000000000001111001111
1001110001000001001100000000110000000011000001001100000100010000100011111010111111101011111111111111
1111111111111111111111111011111111101111101100001100000000111101000011111100000011110000011111010011
1110000111110000011110000111111000011111100001111110000111111000011111000000111100000011110000001111
1111100101111110011011111100101111110000111110000011111110001111100000111010000011101000001110100000
1111111111111111111111111001110111000111011000001101000000010000000000101000000000000000000000000000
1111111111111011111111001111111100011111110011111111001101111000110011000011111100001111111011111111
1111111111111100011111101111111100000111110000111111000111111100011110110000011010000000001000000000
1111111111111100111111110001111110000111111100011111100011110000000111000010011100001001101111100000
1110111111111001111111110111011111011111100000011111000001110110000000000000000011111111111111111111
1111111111111100011011110000001110000010111000001011100100111110011010111000101011110000101111000010
1111111111111111111111111011111111001111111100001111110000011111000000111100000011010000001101000000
1111100011111000000111100000011110000000111000000011100000011101111001111111100111111110011111111011
1011111000001101110000110011000011001100001100011111110010111111001111111100111111101011111111111111
0000000111001000011100111111110011111100000001111100111111110011111111000001111100011111110001111111
1110001111110000111111000011111100001111110000111111000011111100001111110000011100000101111111110111
1111001111111110111111110000011111000000111110000011111000001110010000000000000000000000000000000000
0111111111011111111101111111110111111111011110011001111111000000011100100000111000000010001100111110
1111111111111000111111100001111111000111111000111111100011111110000111111000011111101110111100111001
0011000001111100111111110011111110000111111000111111110011111111001111111100111111110011111111101111
1111111111100111111110101111111010111111110000111111000001110000000011000000000011011011111111111111
1111111111111111111111111111111111111111000011000000001100000000100000000010000011110111111110011111
1111111111111110111111110001111111000111111100011111100001110000000111000000011100001101101110110010
1111111110111111111111110011111111000111101100001110000000111111000001111100000111110000111111010011
0111111111011111111101110011110011001111000000110000000011000000000000000000000111111111111111111111
1110001111110000111110000001111000001111001000101100100001110010001111110000011111100011111111001111
0111111111011111111101110011110011001111000000110000000011000000000000000000000111111111111111111111
1111110000111110110011110001111111000111111100111111110011111110000111111000011111001101111101110111
0000000000000000000000000000000000000000000000000000000000000000000000000000000011111001111111111111
1110111111000011001100000000011100000001111000000111100000011111000001111111000111001111011100000001
1111100111111000000111100000011110000011111000001111101000111110100001110000000111110000111110000111
0000000000001111111111110011111111001111111100011111110001111111000111111110111100000000010000000000
0111111111011111111101111111110111100111011110011101100000110110000010011100000000001010001110000000
1111111110111111111011111011111111111111111100011110110000010000000001000100001111110000111110000010
1111111111111111111111110001111100001111010000111101000011110000001111000000011100000001111110100110
