1111111111111100111111100011111100000111110000001111000000111100000110111000000011100000001110101000
1111111111111110011111111001111111100011111110001111110000111111000111111100011111100001111110001111
1111111001100111000110011100011001110001100111000110011100011101111001110111100111001110011000111001
1011111000101111100010111110111011111111111111101111111110110111111001000000000000000000000000000000
0000000001000111111101110011111111000111111000001111100000111111000111111000011111100001111110000111
1111111111111110111111100011110000000111000000001111100000011110000110111000000011100000001110001000
0011111011011111001111110000111110000011111101111111000110001110011000111010100011101110001111111000
1000000001111000000111100001111110000111111000011111100001111110110111110011011111001100011110011111
0000000000111111100011110011001011011110100000001110000000011111001111111100011111100000111110110111
1111111111111100111111110001111111000000111000010011110001011111001111111100011111110011111111011111
1111111100110111111111011110011100110000100001000010000100001000010000100001000010000000001111100000
1111000111111100011111100001111110000011110000001111000000111100100111110010011111001001111100100111
1111111111111100111111110001111111000000111000010011110001011111001111111100011111110011111111011111
1100110011110111000111011100011000100000010011000100000110010100111001011011100111001110010100110001
0011110000001011000011111100001111110100111111000011111100001111110000011111000001111110000011010000
1101110001110111000111011100001000110000100001000010000000001000010000100001010110000111111101111111
0000001001000100110001111111111111111111110111111101011111110001101111100110110110000010011000001001
1110000111111001001111001100101100000000111111100011111111001111111111111111111111100000011110000000
1111001111111001111111100011111110000111110000001111000000011100000100100000000010000000001000010100
1111001111111100111111100001111100000010110000011011100001111110000011111000011111100001111100000111
0000000000000011000000011100000001111000000011100100011111001111111110111111110011111111001100111111
1111100000111100000011110000101111000000111111000011101000001111100000111110000011000000001100000000
1111101111111000011101110001110010100111000000111100000001111000000111111100011111110001110111100000
1111111111110011101111011110011000111001110011100111000100011000010001100001000110101110110000111011
1101111011110111101110001110111000110001100010000011001000011001000001101110000110111100011111111011
1111011111111000111111100011111110001111111000111111100011110011001111000001100110000010011000001111
1011101101101100110110010010000001001000000100100000010010001011111001101111111110111011111011111101
1111110011110110100010011000001000100000000110010100011100010001110011111111010110111100011111110101
1111001111111000111111100111111100000111000000011100000000110010000111001100011101100001110010001111
1110011111100000011110100001110001100111100000001110111001111110000111111010001111100000111100100111
1111001111111100111111110011111110000011111000011111000000111110000000110000011011000001111001001111
1111111001111110000111100001011100000001101001000110000011000000011111000000011101000111111100111111
1101111001110111000110010000011001000000110100000011011110011101111001010011100111001110001100110001
1100000000000011000001111100001111111000000111110000001111000000111110001111111111101011111111111111
1111111111111100111111100011111110001111111000001111000001111110000111111000010011000000000000000000
1100001101110000000111111110011011110000000000010001100001001010000111110000001111100000111100110111
1000011111100001111100000000110100010011011111001111110000111111111111111001110011111111001111111110
1111111111111111111111000101111000000011100000001111100001111110000111111000011111100001111110000111
1110011111111001111111100011111100000111110000011111000001111100000001110000011011000001111110001111
1111100111111111111111100001111110000111111000001111100001111110000111111000001111100000111110000011
1111000111111100011111110000111110000001111000000011100000001100000001110000000111000000011101001111
1111111111111000111111100011111100001111110000011110000011101000001100111000110011000011001100100100
1000111111100001111110000100111000110011100111011110011101111101101111111111010011111100001111111100
1111000111111000001111100000011100000001110000011111000001111100000111111000011111100101111110010000
0001110111000110111101000111111000001111110001111101001111110000111111111110111111100001111110000111
1111011111001100111100100001110110001111101000111110000000000001001001000000100111110011111111011111
1111001111111100111111100001111110000111111000111111100001111110000111111100001111110101111111111111
1111111111111100111111100011111100000111110000000111000000001100000000111000000011101010001110101111
0000110000000011000011111100001111101110111110111111111011111111111101000110000010010011111001000000
1111111001111110000111100001011100000001101001000110000011000000011111000000011101000111111100111111
1101111011100111001110001100011001111001010111010011011000110001100011000000000100000100010000000000
1101011111011000001101100000010100000011010000011110000001111000010111100011011110000111110000111111
1000010000111001100011111110001110110100111111100011111110000000000000110000011011101101111110110111
1111101111111110011111111001101111100110111100011011110001011111000111111101011111110001111111011111
1100000000000011000001111100001111111000000111110000001111000000111110001111111111101011111111111111
1110000001111110000111010000011100000001111000000100110001110011000101011000100000110111001001011110
1111110101110111000111011110000101111100010010100001001010001101111000000111100010011100001011110000
1100110101110111000111101101110010110100000011011000001001001100100011110011001110111101111111110111
1101111001111111110111111101101111111000011111111011111111101111111110011101110011111111000000000000
1110001111111000011111100000111110000001111000000011000000001100000001110000000011000000111110001111
1111111111111100111111100001111111000011111100011111110011111111001111111100111111110111111111111111
0001000001000100000011110000001111111000111111010111111101011110100111001010000100110000010011010001
1110000111110010111001100001101110001110110001111011001111101110111110111111111100100000010000000000
1111111100111111111011111001101111000010111100001011110001111110000111000001011100000100111110110011
1100001111110000001111000010111100001111110000001111000001111110000011111000011111100001111110000010
1010111011100011101111001100011100011001001001110010001111001100111100110011000010001110010000110001
1100110101111111011111101100101100101000000010000011001000011100101000110010000011111100001111110001
1100011111100011111110000111110000001111000001111111000111111100001111110100011111010001111101110111
1111011111100000001110000000011110000001110000000111000001111100000111110000011111100001111110001111
1100011001100001000010000100010000100001000010000110001010011010101001001011100101111110111111111111
1000010000110100000011101100001111110000111111000010111100000111110000011111000001111100000010001000
1111001111111110111111110011111110000011110001000111000100011100010001111000000111100000011110000001
1111001111111100111111100011111110000111111000000111100000001110000000110000000011000000001010000000
1111001111111110111111110011111000000000100000110110000111111000001111100000111111000011011100001101
1011110011101100111100000111110010011111001011111100111111110011111111001100111100000011011100001111
1111011111111100111111100011111100000111110000001111000000101100000000111000000011100000001100000100
0000000000000011000011001100001111111000111111000011111100001111100001100000011111100011111110111111
0011111000001111101100111110000011101000001110100000110110000011011000000000000011010100011111000101
1111000000111000010011100000001100000000110000000011100000111110000011111000001111100001111111000111
1110011111111000111111100011111100001111011000111111100011001000001111111000111111100111111111001111
1111111111111000111111100010111100000000110000001111000000111000000011000000001110010001111001100011
1111101111111011111111100000111100000011110000001111100000111110000011111000001111100000111110000011
1111111000111110100011100000001110000000111100100011110010001111001000111100000011110011111111111111
1011011111111110111100011011110011100111001000001110100000111111000011111100001111100001111110000111
0000001111111000111101101011110100001111000000011100000001110000001111110000111111000001111100000111
1001111101100111100110011110011001110001100111000100010100011001111011100111111100111101111100110111
1111011111111100111111110011111110000111111000011111000001111100000011100000000110000000010000000000
0000000011000100001000010001111100100111110010011111001001110010100111001010001101101111110101111111
0011101111011111011111110001111110000111111010011111001000111100000000110000000011100110001111011000
1111001111111000011111100001111111000111111111101111101110111110111011111011001111000000011100000111
1111111111110111100111001110011000110001010011100110001110011000111001000011000000001000010010100001
1111001111111100000101100000110110000011011000001101100001110100000111010000111101001111001111111000
1101111011100000111100000000111100000111110010000011001000111100110011110000011100111111111111111111
0000000000000000000000000000000011101111111101111111111111111111111111111101111111111101111110000011
1100010000111110000011101100001111110000111111000011011000000000000001000000100111111111011111111111
0000000000000111000010011100001111111000111111000011111100001111110000111111000000001000011111100011
1001110001100110111100001111110000011111100000111110000001111000001111111000111111100011111110001111
1101111100111101110011111001101101000011110111100110000110011011001000001111100001111010000010000001
0000100000100011100011101010001110110000111011100011111100001110000000111000011111110101111111011011
0011111111001111111100111111110010001111001011111100111001110011100011001111001100110001110000001111
1110000111110000001100000000110000000011000000001111100000001111100001111110000111110000011100010011
0000000000000011000000011110000001111001000001100000000110001111011111111111111111111111111111111111
1100000111110010011111000101111100000011110000001111000000111100000111110000011111000001111000000111
1011111101111111110111110111001110001110111100110011111000011110000000100000000000000010000011111100
1111111111000001111100000001101000000100110000101011000110100110000010111101011111110001111111000111
1110011111111001111111000111111110001111110000111111100011111110000011110000001111000000011100001111
1110011111111011111111100001111100000111110000011111000001111110000111111000011100000001110000101111
0001000000111110000011111000001111101101111110011111110001110011000111000000001100000001110000100000
1111001111111000111111100011111110001111111000111111100011111110001111111000011111100001111111000111
1011111111100111100110000000011000000001100000010111000001011100000011110100011111000001111100000111
1111111101110111001111111000101100010000100001001110001100001000110000100011000000001100001101100000
1110011111010001111100000101110101000111110110111100111111000011111000000111000000011110001101001100
1111100100111100000111111100001111000000111001000011101100001110110000111000000011000000001110000000
1111001111111100111111100011111110100111111001001111000100111100010111110000000011000000001000000000
1100110000110011001110000100011100111001000010000111001100011100111001101011100110011111011111111111
1110000100111000010011100001001100010110110001011011011011100011000110010000011000000001100001100110
1111111100111111111011111101111111100000111110000011111000111111000111000000001100001101111110110111
1111000001111000000111100000011110010111100000111111000011011000011001011011101111111111001111111000
1111100111111110011111111001111111000111111100011111110001111110000111111100011111110001111111111111
1111111111111100111111100011111110000111110000001111100000011110000000111000000011000000001000000000
0111111111111111100111110000011000000001101000000111000000010000001011000000111100000111110011111111
1000111111100011111100001100110000110011000010001100011101111000011111111011011111111100001111110100
1010111111111001000100000000000000000010111000010011000000111000001111100000011110000001111011000011
1001111111100111110110001110011000111001100011100100000110010000010001000001100100000000110001001111
1111111111111100111111110011111111000111111100111111110011111110001111111000111111100011111111111111
0000000000000001000000011100001111111000111111110011111100001111110000111111100000111110000011000000
1111111011110011100111001110011100110001110011000111001100011100110001110001000010000100000000010000
1111111000111110100011110000001110000000111100000011110010001111001000111100100011110010001111101111
0000000000000000000000001010001110000110111100011111110000111110001111111110111111111111111111111111
0000100000111110000011111011011111111101111111110100011010011000110001110000001101000100110000101111
0001100000000111000011111000001111110000111101000011111100011110000001111000010111101001111110100111
1111111111111100111111110001011111000101111100110111110011111111001111111100111111110011111111111111
1111011111001100111100100001110110001111101000111110000000000001001001000000100111110011111111011111
1111111000111101100011111010001111111100111111100000011100000001110000001111000000110000001101101111
1000111111001100111100000001110000001111100000111111000011111100001111100000111110000111111111111101
1111011101111000111011000011101101111110101111101010111111101111111100011111110011111110000000000000
1101111001110111100111001110011100011001110001100011000100001000010000100001000010000100001110111000
1111100111011111001101110000111000000001100000000110010000011100001011110000001111000001111111111111
1111001110110100110000001000001000001100000001111100000111111000011111100011111100000111011100000000
1111110111110111000110111100011000110000100010000000001000010000111001010011100111001110011100111001
1110011111110000111111000011111100100111111000011111100001111110001000111100010011110110001001001111
1100011111110000111111000011111100000111110010011111100001111111100000111100010111000001111000011011
1111111111110111101110001110011000100000100000000011010010011111011001100101100111111110111111111011
1100001111100000011110000000111000001111101000011111100011111110001111111010111111100011111111001111
1101111111110011110110001111011000111001100011100110000110011000011001100001000110000100011000111101
1110011111001000111100111011101111111110001111100010011100000000000001100000000111110001111111111111
1110111001110010000111001000011000100001000010000001001100011000110011110011001111001100111011110011
1011111011100101000001000110000000010000010001100001000110001100011001110011010111001101111100111111
0000000000000000011000010011110010000111011100011101110001110111111111011111111101111111110110111111
0000000000000111000000010100001111110000111111000011111100001111110000111111000000011000111111100111
1111011111111001111100100100110010110011011011111100011111110011111000001111100000111110000000000000
1111111111111100111111100001111111000011111100011111110011111111001111111100111111110111111111111111
1111111111000001111110000011111000000001100000000111001111111000001111100000111100000000011001001101
0011000000000001000000001110000000111000000011100000001111001111111111111111111111111111111111111111
0000000000000011000000000100001111111100111101111111110001111110000111111000111111001010111111010111
1110111100101011111010100000111000000000110010001011000011001010001100111111110011111100001111110000
1111001001100110100111111010011111100001111100000111100010011110001001111000011111000011101110011111
1111101111111110011111111001101111100110111100011011110001011111000111111101011111110001111111011111
1100011111110000111111000011110100000111000001111100000111110000011111010001111111000111110100001111
1111111111111111000111110000110000000011000000000000000011010000000111000000111100000011110100001111
1111111011110111000111001000001000100001000010000100001000010000110001100111101111111110111011111111
1111011111111111111111100111111110001111111000011111111000001111100000000011000000011100000001111111
1111111001111011100111100010010110001000101110000010011000011001100000100111001110111100011111100011
1100001111100010110110011000001000000001100111111111011100111111111111111111111111100000111110000011
1100001111100010010010010000001001000000011111111111111111111111111111111111111111000000111100000000
0011111111111100111111110011111111000011111000000111100001111110001111111000111111000011011110001001
1111111111110000111111100011111111000011111100011111110001111001000111000000111100100011110011001111
1111111110111111111111100111111110001111110000001011000000001110000000010000100001000010000001111100
1100111001100011100110000000011011000001101100010111110000011110000011111000001111100000111110000011
1101111011110111001111011100011000100001100010000110001100010001110001000111000100011100001011110000
1001111111100011100010000100000000010000110010000011000000001100010000111011000011111000001111100000
0111000111011001111100100011110111101111011110011001111111100111111111001111111100000000110000000000
0011001111111101111100010111110011001111001000011101100001110110000101111000110111100010011100000011
1110011111111001111111000011111100001111000000111111000011111000000111100000011100000001111000001100
1111111111111111000011110001011100001001001000000101100000011000001011000000111100001111111100111111
1111111111001111101111100001110110000011100100001000000000000100000000000001110001000011110000011111
1101111011110111101110000000011000000001110000000111001110011001111001100011100110001110011101111011
0011111111010010111100000011110000001111000000111100000011110000001111000000111100000011110000011111
1100111001101011111110111101011011010001110000010111000100011100110000110001000011000101111000011111
0000110000000011000011111101001111110111111110011111111001111111000110000100111000010100000000010100
1100110001100011010110101111011110110011000010011000001101001100110000100010001110101100111110000011
1111111011110111101110011100010000100000000100000010000000001110000000011110000011111100011111110011
1111011111001100111100110011111111001111001100111110010010010001000001100100000111110011111110011111
1111111111110001101111100100111001100101011001000110000000011100001101111100010000111001000001000000
1111010111110000001100100000011100000001111100011111100001111110000011111000001111000000111100000000
1100011111110010100111001010111000111111100111100110100111111111111111111000001111100000011110011000
1111000111111100011111110001111111100111111101001111101100111110110111111010011111000000111100100111
1000111001100011000110000010000000100100000010000110001000011011110001101111000111111100001111100001
1111000111111000001111100000011110000000111000000011100000011110000001111010111011111111111111111111
1111000111110000011111000000111100000111110100001011100000001110000011111100001111100000111110000010
0000001000000011111000111011111111000111111100001111100011111100001111111000111111100010011110111111
1110111111111111110111000110001001010001100001000110000110011000111011100101100010000110001000010000
1111011111111100111111100011111110000011010000000111000001111000000011100000001111100011111110011111
1111011111111100111111110011111110000111110000001111010001111110000111111100011100000000000100000000
0000000000000001000000000111101111011110111111101011010001011110000111111100111111110011111111011111
1000111111101011111111001001111000000011101000001110000000111111000011111000001101100000110000100001
1111111111110111100110011110011000111001000001000001001000011000000001110011100110001110011000111000
1101111111100011101100001110010000011001000001100000000010001000011100101001010010011111111000111111
1111111100111111111011111101111111100000111110000011111000111111000111000000001100001101111110110111
1101110011110111000110011000011000110001110011000111001100011000111001100111000110111100011011110001
1001110011101111011100011100011001100001000110001100001100011000110001100011100111001110011111111111
1001110000110011001110101101100000110010000011001001001000011100110011100010001110110000111011111111
0011111111001111111100110011110011001111001100011100110001110011000111001000011100100011110010001111
1111011111111001111111110011111110001111110000011100000001110000000111000000011100100001111010010011
1111001111111000111111100001111100000010110000011111000001111110000011111000011111000001111100100111
0000000100001111011111111100111111100011111100000111110000011111000111111100001111110000111111100000
1001111111000011111100000110110000000001111111111100001111110000111111000000000111111111111111111111
1110111111110000111111000011111100001111111000111111100011111110001111001000111000100000110000100000
1111100001100010000111011000011111000001111000000111100010011110000001111000111111110011111111111111
1110001111111000111111100011111110000111111000011111100001111111000000111100000011110000001001010011
1111111111100111101110011100111001110001100101000010010100011010010000001001000010111100011111111010
0001111000100111011100010011110001000111000101111110011101110001001111110000111111000011111110000111
0000000000000001000000001111000001111000000111101100011110001111111001111111111111110000111101111111
1111111111111100011111110001111110000011111000000111100000111100001111110000011111100001111100101111
1110011111111001111101000101110101110111110010111101111111110011110000001111000100000000011110000001
1111111111111100011111110001111110000110111100011011110001001111000111111100001111110011111111111111
1111100101111100000011110000001110000000110011000011001100001110110000111000000011100000001110000000
1111111111111100111111110001111110000111111000011111100001111110000111111000011111001001111101101111
0001111011001111001101100010111110011011111101101111000000001111000000111010000011100100001111111000
0000000000000000010000010111110011001111011100011101110011110111001111011100111101111111110111111111
1111111111111100011111110001111110000011111000000111100000111100001111110000011111100001111100101111
1111100111111110011111110001111110000011110001000111000100011110010001111000000111100000001110000000
1100011111110001111111000001111100000011110000011111010001111111001111111100000011110011001101000111
0000000000000000000000110000001110000111111100011111100000111111001111111101111111111111111111111111
1111011111111001111111000011111100000111110000011100000011111100001111110000011111000000110000000011
0000000000000000000010010000001110000110111001111111100111111111111111111111111111111111111111111111
1110111111111001111111100111111100001111110000111111000001111100000000111000011011100001111110001111
1111000001111010111110110011111111001111111101111111111111110111101101001110010100000001010000000111
0001101111101101111111011011110001100111100100011110011111110001100001111101000111110000011110000011
1100011111100010100110010010011000001111101111111110011110111100111111111101010111110000011111000000
1101101011101110000110111100011001100001111000000111001000011110100000111100100011000000001100100100
1110011111111010111111100011111100000011110000000011000000001100001101110000111111000011001100001100
1110000111110000001101000000010100000000111000000011110010001111101000111011111011111111111111111111
0000000010000000111100000111110010000111011000001111100001111110000111111000011111100001101111100111
1000000000000001000000001110000001011000000001100000000111001110010110111001111111111111111111111111
1111111111111100111111100011111110000111111000011111110000111110000011111000001111110011111111001111
1111111111111100111111110001111111000101111000000111110000011111000111111101101111111111111111111111
0100000011010000011111000011111000001111100000111110000111111000111111100000111111001111110010110000
1111001110111100100011110010011110000000110000000011100000011100000001111000000011100000001110000000
1111001111111000011111100001111110000111111000011111100000111100000011110000011111000000111110000111
1110001111110000111111000011111100000111110000111111100001111110000000111100000011000000101000010011
1111111111111110011111110001111110000111111000001111110001111111000111111100011111110001111111001111
1110001111110000111111001001111110001111111100111111110011111110001000111100100011110000001111011111
1101111011110111101111001110111000110001100011110110001110111000011000110001100111000110011000111001
1111011111111101111111100011111000000111100000001110000001111000000111000000011100100011111111001111
1011111111000101111100000011110001111111000000011100111111110000000111000111111100000001111000000111
1100111111110011111110001011111011111111000110000000011110000001111000000110000000010000000000000000
1111001111001100011100111101111111101111001111111000111100000001110001101000000111100111111110111111
1111100111111100011111100001111110000111111100011111100001111110001111111000111111100010111110001111
0010000000011101110011111111111111111111111111100011111110000111111000011111100000100000000000000001
1111001111111100110011110000001111000000111000000011100000001110000000111000000011100000001110000000
1111001111111100100111100000011110000000111000000011100000011110000000111000000011100000001111000000
1111111111111100111111110011111110000111111000011110000001111110000111111000011111110000111111000011
1111100111111100011111110001111110000111110100001111000000111111000111111100011100000000001100100000
0000000000000000000000000000011111001111111000111111100011111110001111111000011111110001111110001111
1100111101100001110100000110011110011101011001110100100110010010011001001000000001100001011101001001
0000000001000000000011100001111110000111110000011111101001111100100111110011011111111111111110111111
1111110011011101001100100111110010011111011001000101001111110100011111010000111100000111110000011111
0001111100000111110100011111010001111100000111110000011111000001111100000101010011111000001111110010
0001000001111100000011110110111111110011111110001100011000110000000011100000011100001111110000011111
1111011111001001111100000001110000001111000100110010011110000001110000100011000111111111011111101111
1111000111111000011111100001101110000011111000001111100001111110000111110000011111001011111000101111
1111000111111100001111100000111110000001110000000010000000001110000000110010000011111111011111111111
1111000111111100011111110001111110000111111000011111100001111111000111111100011111110001111111001111
0001111111011100111111101011111110100011110000000111000000011110000111110000011111000001111100000111
1101111111110011110110000110011000111001100001000110000100001000010000100001000000001100011111111001
1110011111111001111111100011111100000111110000001111000001111110000111111100011101000011001100001100
1111111111111110111111110001011111000101111100110111110000111111000111111100011111110001111111111111
1111101111111100111111100011111100000111100000011100110001111110000111111000011100000001110000001111
1011110011100111001110011110111001110001100011000000011000010001100001000110000110001000011010110100
1011100111100111111111000001111011000001100000100011100111101110000100111000000011100000001100111000
1100000111110000011101000011110100000111010000111101000011110110001100001000110000100111111010111111
1110011111110001111111000011111100000111110000011111100011111110000000111100000011110100001000010011
0000000000000000000000000111001100001110110000111011100011111100111111110111111111011111111100111111
0000000000000000000011110110001110000100111000110011100011111111001111111011111111111111111111111110
0001000001000101000010110100001111111000111111100011011110001101111000111110000011000001101100101111
0111000100011100010011100001000000000000000000011011110110001111000100111100010011100010001110000000
1101000111001100000110110000011000000001110000000111000000011100000111111000011111100011111110011111
1111001111111100111111110001111111000111111000011111000000111111001111111110111111111011111111001111
1111111000111111110011111111101111101110111100001011110001111111000111100001011100000101111111010111
1101111011110111001111011100011000100001100010000110001100010001110001000111000100011100001011110000
1110011111111001111100100101110000110111110111111100011111110001111000000101100000010110000011000001
1111111111111110011111110001111111000111111100011111110001111111000111111100011111100000111110000011
1110000111110000001011000000001100110000111111111111111111111111111111111110111111110000001111000000
0011111111001111111100111111110011101111001100111100101001110011000011001100000100110001000011001000
1111111111111110011111110000111111000001111100000111111000001111000000111100000111100000001110000000
0000000000000000000000000000110111001111111100111111110011111111011111111101011111111111111111111111
1110011111111001111100100100110001110111100111111100101011110000000001000111000100000000010110000011
1110011111111001111101000101110101110111110010111101111111110011110000001111000100000000011110000001
1111111000111111110011111111101111101110111100001011110001111111000111100001011100000101111111010111
1110001111111000011111111111111111111111111100111111110011111111000111111100001111100000001111000000
0000001111110000111101001011110100001111000000011100000011110000001111111000111111100011111110000011
0001100000000110000011110000001111100000111111100011111110001110000000111000011011100011111111101111
1111111111111111111111111111111100101001110100000111000000011001000001100000000110000100011111111001
1011111101100010000100000000010000100001100011000110000100011100110000110111101111011111111111111111
1111010110111111011001111110100111111010000111100000111110000011111000000001000011110000001111111110
1111111111111111111111111111111011000001000110000010100000000000000000000000000011111111001111111100
1111111111111100111111110001011111000101111100110111110011111111001111111100111111110011111111111111
0111111111111000111111101100011000000101111000100111000100011001101101111000110111110011001111100110
1111111111100111100110001100011000110001100011000110001100011101110011110111001111011100111100110011
1111100001110010000101000000011100000001110000000111000010111100000001110011111111101011111111111111
1111001111111100011111110001111110000111111000011111100000111110000111110000011111000001111001000111
0110000111111100101111111110010111111001000111100100111110000001111000011111100000111110000001010000
0111111101111111000011111110011111110001111110000111101001111100001111100001001100000100110000101111
1111111100111111111111110011111111000111111100001111110001111111000111100001001110000100111111011111
0000000000000000000000000000011111000111111100011111110001111110000111111000001111100001111111111111
1101111011110111101110001110111000110001000111000000001000010000100001001010000100111000011111110001
1011111011100111001110011100111001110001100111000110011100010001100001000010000100000000010000100101
1111111111110111100111011100011000110001100011000110001100011000110001100011000110000100000000110001
0000000000000111000011111110001111111000111111110011111111001111111100111111110001111011000000101010
1110011111111000111111000011111100000111110000111111000001001100000000100001000010000000111000001001
1111111111111110011111110001111111000111111100011111110001111111000111111100011111100000111110000011
0000000000000001000000000101101111011111111011101111100001011110000111111100011111100011111110011111
1111111111111100111111100001111110000111010000000101000000001111000000111100100011101010001110111110
1110011111111000111111100011111100000111100000001100010000111110000111111100001111111000111100000111
0011000001001100000111110000001111111011111111001111110000011110010001001010100100111000010000100001
1111111111111100111111100011111110000111111000011111110000111110000011111000001111110011111111001111
1110000100110010010011101001001111100100101110000010010001001100111100010011111111101111111110011100
0010000111011000001101000001110100000111100000011110000001110000110111100110111100100111110100111111
1111111111110110000110011000001000100000100010000010001000001000100011100010011110001000111011100011
1111000001111100111110010011111111001111111101111111111111010111011101000000110100000111100000000111
1111111111111100111111100111111110000111110000000111000000111100000111100000001110000001111000101111
1100011111011001111101110011111111000111111001101111100000111110000001011000001100000000110000100111
0000000000111000111111101111111111111111111111011111011111111110000111111000011100010001111111000011
1111001000111110000011110000001110000000111111000011011100001110110000111000000011110000001100000000
0000111111101011111110100111111010011111100000011110001001111100000111110000111111000011110010001110
0011111110001111111000111111110011101111001110011100111100110010110001001110000100110000010010001001
0111111101111111000011111111101111011100111110001011101000100111111000111011100011011110000000000000
0010000111111010011101001001110110000111011100011110010000110001000111000000011111100000111110000111
1111111111111110111111110001111110000111111100011111110000111111001110111100111111110011011111011111
1111111111111011111111000101111100010111110000011111000010001110000000111000000011100110000111011000
1111111111111001111111100011111100000111110000011111100001111110000111111000001111100010111110101111
1111111101011111000011111000011111000001111100000111100001111000000111100000111110000111110000111111
0000000000000101111101110011111110000111111000001111110001111110000111111000011111111001001111000111
0000010000000011100011110110001111000100111111011011111110001111101000001111110000001000111100110011
0000000000000011000000001100001001011001111101111111100011111110001111111000011111100011111111010111
1111111111111110011111111001111111100011111110001111110000111111000111111100011111100001111110001111
1111111111111111111111110011111100000111100000000110000001111111000110111000000011100001001111100100
1011101111101100111110000000011111001101110001100111100111001100000000110100000011110000001000000000
0000000000000000000000001000001100111111111100111111110011111110011111111011111111101111111110101111
0100000000000001000000011100000000011001000001100000000110001110011111111111111111111111111111111111
1111000000111110000011100000001110000000111000000011100000001110000000111010000011101011111110101111
1110011111111000011111000001111100000011110000010011000001001100000000110000010011000000001110011000
1110110111010011000100101000001000011001100011000100001110110010111011010001111100000111110000011111
1110000111110010111101011011110101101111010100011100000001111000001111100000111110000011111001001111
1101110111111111111110011011111001110111100100001111010000011111000001111100001111110000111111010111
1000000111111010011101101101110110100111000100001100010001110001000111111100011111100001111110000011
1001110011101110001111110000111111000011111101101011111110101111111010111101111001000001110000100011
0000000011100000001111000001011100000001110001010111000111011100001101110000100100000010010011101001
1110001111111000001111100001111110001111111100011111110001111111001111111100000111110000001111100100
1111111111100000001111110000011111000001110100000010000000011100111111111111111111111000000000011111
1110011111111001111111000001111100000111110000111111100001111110000111001000111100001011110000001000
0100000000000001000000011100000000011001000001100000000110001110011111111111111111111111111111111111
0000000000000000000000000100000000101100000111111111111111111111001111111100111111110011111111011111
1110001111111000111111000011110000000011000000111111100011111110001111110000011111000001110000001111
1111110111111111111100000011111001001111100000011111000001111110000111111000111111100011111110001111
0111001111111000111101101011110100001111000000111100000011111100001111110000111111100001111110000011
1000100000100011000011111010001111010000111111100011111110001111000000100100011111110001111111011111
0111100111011110001101111101000011111100001111110001111110000111111000011111100010111110001111111000
1111111000111111110011111111001111100011111100001111110001111111000111100000011110000000111111111111
1101110001110111000010001100000000110001110011000111001100011100110001101111011110111111111111111111
1111010110111111011001111110100111111010000111100000111110000011111000000001000011110000001111111110
1111111111110111100111011100011000110001100011000110001100011000110001100011000110000100000000110001
1101111011110011100110001110011010011101101001010110010100110001110001100011000100000100000000000001
0000000000000001111100110011110111000111011100011101100011110110001101011101111101111111110011111111
1101110000111101100011111110001111111000110111100000111100000011110000001111000000111000001110111100
1111100000111110010011110011001111000000111001110011100110001100011000111000000010100000001011000000
1111111111111110011111111001111111000110111100010111100001011111000111111110011111111011111111101111
0000100000111110000011111111001111101111111110111111110011010000101001000000010000001000000000000001
1001111011000011000000001000000000110001100011000010001000011111100001111110000111111100011111111111
1001110111111110111100000011110001001011100111111110011111111001111111111100011111000001111110000111
1111011111111000111111100011111100000011110000001111000001111100000111110000001111000011111110011100
1100111101101111000110101100011100110100000011010000001100011100100011100010001110111100111111110111
1111001111111100011111110001111110000111111000011111100000111110000111110000011111000001111001000111
1111111111111101111111110001111110000011110000000111000000001100000011110000001011110000101111010110
1111011111111001111111100011111000000111100000001110000001110110000111010000011111000001111000000011
1000111011100011101100000110110100011001110011100011001100011110011101110011100110001100001000110001
1111001111111000111111100001111110000011110000000111100000001110000000110000000011100000001110010000
0111101110001111011000011110100001111011001111100000111110000011110000001111000000000000001111100000
1100111111100011100110000111011000011001100001100100000110011000010001100011000100000100011000010111
1111111111111110111111110001111111000101111000010111110001011111001111111100111111110011111111111111
1110011111111001111100100110110000110011101011111100011111110001011000000111100000011110000111000000
0000000000011111111111110011111110000111110000001111000000011100000111110000111111000001101110100111
1111001111111100011111100001111100001111110000001111011000011100100001110000000111000000111100000111
1110011111111110111111111011111100001110100000011010000001001000001100100000110011000011001100000100
1111111111110111101110011110110000110001000110000100001000010001100001101110000111111100011011111011
1111000111111100011111110000111110000001111000000011100000001100000001110000000111000000011101001111
1111001111001100011100110001110011101111001100111110010000010001000001100100000111100000111110011111
1001111111100000111111010011111000000111100001011110000101111110000111111001011101000000110000001110
0000000000000000000000000000000000001111111100111111110001111111000111111111111111111111111111111111
1000000101101000111110100011110000011111000000000010111111110000000000000001111000011111111111111001
1111111111101111011110111100110001110001000010000010000000011000100001100000000010011100011111111111
0000000100001110011111110000111111100011111100011111110001111110000111111100011011110001001111000110
0110011111001000111100110011111111011111000111100110011100010000000001100000000110110111111111111111
0111100011011100111100110011110111100111011100011101100000110111000011001100011100000000010000000111
1111011111111001111111110011111110001111110000011100000001110000000111000000011100000001110011001111
0011111111001111111100110011110011001111001111111100110001110010001011001100011100111101110011100111
1111001111001100011100110001110011101111001100111110010000010001000001100100000111100000111110011111
1111000001111000111100100011111110001111111011110111111111011111111101111111010100100001010000000110
1111101101111101011011110001100111111110101111110011111111101111111110011111110011100000000000000000
1111101000111100000011110000001111000000111111000011101100001110100000111000000011100000001110000000
1111011111100000001110000000011110000001110000000111000001111100000111110000011111100001111110001111
1101111111110111110110001111011000111001100001100010001110001000110001100011000000000000000000000000
1111111001111110000111110000011110000001000000000100100000011100001111100000011100001111110000111111
0000111111010111110110000011110100001111000011000111001100000100110000111111000011111110001111111001
1101110001100111000110011100001000110000100001000010000100001000010000110000010011101011111111111111
0000000000000011000000000100001100011111111011100111100001111110001111111000111111100111111110111111
1011110001101100111100011001110011100111001100001100110110010011111111001111101100000000110000000010
0000011000000001100011110110101111101011111110001111110000111111100011000010001100000010000000001000
0000011000001111111010111111100011111110001111111001111111100111111110001111111000000001000000000000
1111111011100000000011111000001111100001111000000010000000001100011111111111111111110000111111111111
1000111111000001110100000100010000011000100001100011000110001110011110111111010011110111111111111111
1111111111111101111111100011111100000011110000000111000001011100000110110000000011100000001110100000
1111100001110010000101010000011100000001111000000111110010011110000111111000111111111011111111111111
1111001111111000111111100011111110001111111000111111100011111110001111111000011111100001111111000111
1101011111100001101100000110110000001001000011100000001100010001010001100001100110101111111011111101
1101111011100111101110001110111100010001000010000010001100011100111001100011100100011100010101110011
0000000000000000000000000100000011111111111111111111111111111111111111111111111111101111111100000011
1011110111100000011111000001111110010111111000001111010000110001000011001110001111110000110011000011
0001110000111111100011000010001101000000100000000010010010001000000000110001011011110011111111101111
0000000000000000000000000111001111010111111000011111100001111111011111111101111111110111111111111111
0000000000010011000001011100000101111100001111110000111111000000111100000010111011101011111110100110
1111011111111101111110010000111011001001100000000110010011001110001001110000000111010011011111000011
1110000111111010011101000011110001001111000000111100000011111110000111111000011111100100101111110000
1100010000110100000011111100001111110000111111100011111100000000110000100000000110010111011111111111
1111110111111111001111100000110000000011000000000000000011110000001111000000111100000111111100111111
1110011111111001111100100100110001110111100111111100101011110000000001000111000100000000010110000011
0001100000111110000011111110011111111111111111100100001100011110000011110000001100001110110000011101
0001100000000101000010011110001111101000111111010011111101001110111100011111000000101100110110000111
1111011111111000111111101111111110001111000000011100000001110000001111001100011100100011100010001111
0000000000100001000011110100001111111000111111000011111110001111000000100000011011110101111111010011
1111111111110111100111001110011000111001110011100111001100011000110001000011000100011000100011100000
1101111111100111111110010111111000001111000000011000000011110000001111010000011111000001111110101111
0010000011001000000111101000001110110011111001001111101000111110110001001100000100110000000001001100
1111110000111110000011110000001111000000111100000011110000001111000000111100000011111000001111101111
1111011100000001101000000111101001011010100001101001111110100101001110101001111111100011111110001111
1111000000111100000011100000001110011000111110000011111000001101000000110110000011000000001100000000
0000000111100000011111000001110010000011001000011100100001111110000111111000001111100000111110000011
1111111111110000111111100011111111000011111100011111110001111001000111000000111100100011110011001111
1111011111111000111111100011111010001111000100111110000001111000000111100000001100000001010000000000
0000000000000000000000000111110000001111001100011101110011110111001111011100111101111111110111111111
1101100001110110000111011000011100000011100000000010000000001000001100100000100011011000001111100000
1110000001111000000111100000011110000001111011000111100000001110000000111000000011111000001110000001
1100010000111110000011101100001111110000111111000011011000000000000001000000100111111111011111111111
1100011111110000000011000000001100000001000000000111000000011110000001111000000111110000011110000011
1100100111111100011100010001110001000111000100011100000001111110000011111000001111111000010111110000
0011111110111110111111111001111110000011110000000111100000111111000111111100001111100000111110000000
1101111011110111101111011110111000110001100011000111001100011100011000110011100110001110011000111001
1110011111111011111100001110110000001011110000111111100001111010000110001000000000100000001111001111
0000000000000000000000000100001110111111111111111111111111111111111111111111111111111111111100001101
1010111111111001000100000000000000000010111000010011000000111000001111100000011110000001111011000011
0000000000000011000000011110000000111000000011100100011110001111111000111111100111101110011111111111
1111111111111100111111110011111111000111111100111111110011111110001111111000111111100011111111111111
0000000111011000011101100001110001100111000010011100000001111100000111110000011111000001111101110010
1101111011101111100110011100011100111001000010100100011010011101101001110110100100011000011000000011
1110000011111000001111100000111110000011111000001111100000101100000011110010001011001000101100000011
1111111111111110111111110001111111000101111000010111110001011111001111111100111111110011111111111111
1110011111110000011111000001111110011111111000011111100001111110000111111100000111110000001111100100
0000000000000111000011110100001110101000111111100011111110001110000000110000011111101101111110110111
1100111111110001111111000001111000001111100000111111000011111100001111010000011100100000110000000000
1110011111111011111100001110110000001011110000111111100001111010000110001000000000100000001111001111
1111111000111100000011110100001111111000110111100011111110000011110000101000000000000000001111111110
1110011111111100111111100011111110000011110000000111000001111000000111000000001111100011111111001111
1101111011100011101110000110011000010001100011110011000100001000011000100001100010000111111100111111
1111111111110011100111001110011000110001100001000010001100011100011000110010100010001100000010110101
1111011111111001111111100011111100000111110000011111000001111100000001110000010011000011111100001011
1100011111100001111110000100111000010011100111101100000000111011011111111000110111110011001111001100
1111111111111110011111110001111111000111111100001111100000111110000011111000000011000000001000000000
0001110000001111110000111111100011111110001111111000111111100011111110011111110000111110000000000000
0000000000000000000100000000101111001111111100111111110011111110000111111000011111000001111111111111
0110000011011011111100111001110111000111011100001101100000110110010011011101001100000000110000000011
1111111110111101111111110011111110001111111000011111100011111111001111111100111011110011111111111111
1011111011111111111111111100110001110001000001000010001000010000100001000011000110011111011111011111
1101011111100001101100000110110000001001000011100000001100010001010001100001100110101111111011111101
0001110110001111111100110001110111000111011100000001100000001111000000111110100011111111001111101110
0111101111010110111100000000110001001001100000000110100111000011000000101100000011010000001111100000
1101111111110111111111000001111100000011110000001111000000101100000010110000010011000001111100000111
0000001000011111111011110011111111000111110000001111100001111110001111111000111111000010111110001011
1111111111111000111111100010111100000000110000001111000000111000000011000000001110010001111001100011
1101100111111110001111111001111111100101111010111111111110111111111000111111100000111100000000000000
1100011111110000111111000011111100000111111000011111100001101110000000111100010011110010101000010011
0000000000000011000000011110000001111001000001100000000110001111011111111111111111111111111111111111
1111111011111111000111111000111110000011110000001110000000010000001111100000100011000100011111111111
0000110000100001000011110000001111000000111100000011110000001100000000111000111111110011111111100111
1111111111111110011111110001111110000111111000001111110001111111000111111100011111110001111111001111
1000011111111111111111111111111111111111110000001110000000010000000001000000000100001000110000100011
1111111111111001111111110011111100001111110000001100000001110000000111001000011111100011111011101111
0000000000000000000000000100000001011110001101111111110111111110011111111011111111101111111110001111
1000100000100010100011111100001111111000111111100011111110000001000000100000001111111000111111001111
1111111011100000000011111000001111100001111000000010000000001100011111111111111111110000111111111111
1111001111111100111111110001111110000011111011001011000100101100000010110000001011000000111100000011
1110001111100000011110000001111100001111110000011111000001111100000011110000001111000001110001100111
0110000000000001000000001110000000111010000011100000001111001111111111111111111111111111111111111111
1101110011110111001110011100011100100001110010000111001000011001100011100100001110110000111111001011
1011110011000011000100011000010001110001000111000010001100001111110000111111001011111100111111111001
1110011111110000111110000011111000001111011000111111100011010010001111110000111111101111111110111111
1110111111111011111111110011111111001111111000111011100000001110000000000001000000000000000001111100
1111000000111100000011110010001110000000111111000111011100011101110001110100000111000000011100000000
1111000000111000000011100000001110000000110000000011011100001101111100110000000011000000001100000000
0111111111111010011111100001111100010111111001011110001110001100110000110000000011101100001111100000
1011110111100011000010001100010000100001010011000111001110001100011000100011100010111110001111111111
1111101111100001011110000000110000000011001000011100100001111110000011110000000111100010011111011011
1111001111111100111111110011111110000111111000001111100001111110000111111000000011000000000000000000
1110001111111000111101000011110000001111000000111101000011111100000111110000011111011101101101110000
1111111111111100111111110011111100001111110000011100000000001100000000100000000011000011001111111100
1111000111111100011111100001111110000011110000001111000000111100100111110010011111001001111100100111
1100011111110000011110000000111000000011100000011111000011111110000111111000000011100000111111011011
1001111011100011001110000100011000010000100001000010000110011100111011110111101111011110111111011111
1111111111111111111111111100111101111000110011000011110100000111110000000011110001111111000000000000
0000000000000000000000001000101111100111111110111111110001111111000111111000011111100000111111111111
0111111111111111100111110000011000000001101000000111000000010000001011000000111100000111110011111111
1110000011111000001111100000111110000011111000001111101000101110000010110000001011011000101100000011
1111101111111100011111100001111110000011111000001111110000111111000111111000011111101001111100100111
1100010000110111001011100100111110010110001001001000100101111100000011100000001110111000111111110111
1000110111101111110110001010001001100001000010100111001110001100111001100011010010111100001111110111
0001111000111100100011111001001111110110111111000011101100000011001000001111100000111110000001101000
1111111111111100111111100011111110000111111000000111000000111100000011000000001110000000111110000111
1111110011110110100010011000001000100000000110010100011100010001110011111111010110111100011111110101
0000000000001111000000110100000011010000111100000011111100101110000111111000011111000001111001000111
0011001111011000011101000000010100000000000000010100000100110000000111100000011111000011111111111111
1111111111111110011111111001111111100111111100011111110001111111000111111100011111110001111110111111
0000000000000111110011110011111111001111111000001111110001111111001111111100011111110000111110010111
1111111111111100111111111001111111000011111000001111100000111110000011111000011110000000110000001001
1111111111111111011101110000111100000011100000001111100000111100000011101010000001101000011110100011
1110011111111001111111100011111100000111110000011111000001111100000000110000011011000001111100100111
1111100111111100101111110000011111000001111100000111110000011110000001111000000100000110010000111001
0100101011111000001111100001110001000111001000010111101110011111100011001000000000101001110011100001
0000100000000110000011111100001111110100111111011111111101111011111011001110000000110001110010000000
1100111011100001101110000110011010010001100001100010000100001000010000100001000011111101101111111111
1111111000111110100011110000001111000000111000000011110000001111000000111100000011111011111111111111
0011100111001101011100100011110010000111001000111100000001111011001111000100111111000011111110001111
1100011011000001101111000110111101111011111111101111111110110111111011001111101100000000110000000000
1111111000111111110011111111001111100011111100001111110001111111000111100000011110000000111111111111
0000010000100111000011111001001110101111111001011111111011100001101100100100101111010100001001010001
1111111111111100111111111001111111000011111000001111100000111110000011111000011110000000110000001001
1111011111100100111111000011110000011111000001000100001000000001000000001000001100100001100000011110
1100011111100001111110000001111000000111100000011110000011111100001111110000001011000000001111000111
1111110110110010001111100011111011001101100110110110011111001001111100011111110011111111000000000000
1111111111111001111111100001111100000101110000011110000001111100100000110011000111001000011100110011
1100111111111001111111100011111100000111110000011110000011111110000111111000011101100001101110000010
1011111111111111110110110111011110001101111000010011100000011110000001100000100000100010000011111000
1111111111111110011111110001111110000111111000001111110001111111000111111100011111110001111111001111
0000000111110000011101001011110110001111001000011100010011110000001111000000011111100001111110000011
1101111111100111101110011110011001110001000111010100001000010000110001000010000100011000011011100111
0000000000000001000011111100001111111000111111100011111110001110000000111000011011101101111110110111
1110000011110001111100110011111111000111111000101111101110111111000001011111100100000000110000000000
1111111111111100011111110001111110000110111100011011110001001111000111111100001111110011111111111111
1111001111111100111111010001111000000011000000001111000001111111000011111000011111100001111100101111
1110011111110110111110000001111000000111100000011111100001111110000111111000011111100011111111011111
1111011111111001111111110011111110001111110000011100000001110000000111000000011100100001111010010011
1110011111001001111100111101110101111111000111110000011110000000000000100000000110001111111111111111
1110011111111001111111100111111100001111110000011111000011111100000001101100010011110001111100001011
0000011000100011100011100011001101110110110111101111111110000011111000000111010001101110001110100011
0000000000000110110001111011111111000111111100001111110000111111000111111100011111110000111111010111
1110011100111111110011111111000111111100000111100000011110000011111000011111100000000000001111001000
1111111111111111111111111001111111000011100000000111110000001111000011111100000011100000000110000000
1111111111111110111111111001111111000111111100001111100011111110001111111100111111111011101111101111
1111111111111110011111111001111111100111111100011111110001111111000111111100011111110001111110111111
1111111100111111111111110011111111000111111100001111110001111111000111100001001110000100111111011111
1101111111000011111100001111110000000001111111111100011111110000111111000000000100000011111111111111
1001110110100111011011111101101111000010111100011011111110001111110010011100111010100011110000111001
1011111111100111001111011110111000110001100011000110001100011000111000100011000110000100011001010001
0000000000000000011000000111110010001111001100011101110011110111001111011100111101111111110111111111
0000000000000000000000000000000000111011111011111111100111111111111111111111111111111111111111111111
0000000000001110000000110110000011010000111111000011111100101111000111111000011111100001111111100111
0000110000000011000011111101001111100111111110011111111101111111000110000100011000000100000000011000
1110011111111100111111100011111100000011110000000111100001111110000011111000001111100011011110011110
0000000000000000011100010011110010000111001100011101111001110111110101011111111101111111110111111111
1111100111111100011111110000111111000001111000001111100000111100110111000000000011001110011000111001
1111110001110000000111010000011111010001111101000111101100010000100001000000000100000000011111111101
1111111111110011100110000110011000111001100011000110000110011000110001100011000110001100011000111111
0000000000000000000000000001001110000000111100111111110011111111101111111111111111111111111111111111
1111011101000001100100000111011000001101100000010101000100010101001101110000111111100011111110000111
1111111111111100111111110011111111000111111000001111100000111110000111111000011111100000001000000000
1110111111011111111101110111110110001111011000011101100000110110000111111000011111100001111110000011
1000111111100011111110000000111000000011000001001110000000111100000111111110011111100000011110000110
1111001111111100111111110011111110000111111000001111100001111110000111111000000011000000000000000000
1111011111001100111100110011111111001111001100111110010010010001000001100100000111110011111110011111
1111111111111000111111100111111100000111110000001111000001111000000111101000001111100011111111001111
1110001111111000111111000111011011011111100111000110001101011001000001110001010110000000010001000011
1111011110001000111100110011101111001111001100100110011100010001110001100111000111101100111110011111
1111111111100111000110001100010000000000110000000011010000011111000001111111000011111100011111111111
1111011111111000111111100111111100001111100000011110000001111100000111111000011101100001001100101100
1110001111111000011111000000011100000011100000011110000001110000001111000001111100001111110110100100
1111101111111110011111111001111100000111101100001100010001110000000111001000011110101001111000101111
0110000000000001000000001110000000111010000011100000001111001111111111111111111111111111111111111111
0001000001111110000011111000001111101011111110001100001000111100000011110011101100000111110001111111
1110110011110011001110000000011000000000111000000011100000111110000011111000001111010000111111110011
0000011111000001111100000111110000011111000001111100000111110000011111000001111100000111111111111111
0000000001001101000000101100001111110000111111100011111000001111110000111111000000111001101111000111
1111100111111101011111110001111110000011000000001100010000110010000111011100011001100001100010101111
1101110011100011001110001100111000100011000011001100001000111000110001100011000110101101011110110111
0111101100011000110011111101000011110010001111000000111100000111110000011111000001111100000111000000
1111111011110011110111011111011000010001100000000110000000011000010001100001001110001100011101110011
1111100110111001011010010000100001001011000101100111011110011111111001011111100100011110011100000001
1111111000111100100011110000001111000000111100000011110000001111000000111100000011110000001111001111
1111111111111001111111100011110110000100011000000011100000001110100000010000000011101111011111111101
1000000000000001000000001110000001011000000001100000000111001110010110111001111111111111111111111111
1111000110111000001011110000110011000111001000001100110010010010000001010001011100001110000000111000
1111000111111111111100011111000001100000001100000011101000001111000000111110000011111000001111111000
1111000000111110000011111100001111110000111100000011110000001111000000111000000011101000001100000000
0101011010111001100001100010000010000001011000100011000010001100011000110001100011001110001111111111
0011000000000001000000001110000000111000000011100000001111001111111111111111111111111111111111111111
1110001111110000011111001111111111111111111100011111110001111111001111111100001111110000001111100100
1111001111111110111111100000011110000001110110000111011000011100000001110000000111000000011100000001
1110111111111001111111100011111100000111100000001100000000111100000111110000011111000001111100101111
1000000110100110110111111000001100011001101000100011111110101110000011011000001101111001110010000111
1111000111111100111101100001110100000111000000011101100001111110000111111000011111000111111111111010
1111011111111001111111000011110100001111001000111100100011111010000111000000011100000011110000001111
1111111111111000111111100011111110000111110000001111000001111110000111111000011111100011111100001111
1111111001111110000111110000011111000001111100001111100001111000001111000000001100000011111000111111
1101111011101111101110011100111000010000100001000011000100011100110000110001000011001100011100110001
0000000000111111100011110111001110011110100000001111000000111100001111110000111111100001111111100111
1111101111111110111111110001111110000110111000010011100011001110000000111000000011100000001110100000
1111001111111111111111110111111110000110111000000111000000111100000111110000110111000010001101000000
1111111101000001101100000011111100001101110000011110100110110010000011111100011111110001111110000111
1110011111111000111111000011111110001111111000111111100011110010011111000001101100000110010000111111
0000000000000001000000000110000000111000000011101100011110001111111000111111111111111110011011111111
1111000000111000010011100000001100000000110000000011100000111110000011111000001111100001111111000111
0000000000111100110011110111101100011111100000011110000011111100001111110000111111100010111110111111
0000000000010011000001011100000101111100001111110000111111000000111100000010111011101011111110100110
1100111001110111100110001110011100111000000011000011001100001100111001100011100110111100011111110101
0000000000000000011100000111110110001111110000011111100001111110000111111000011111100001111110000111
1111111100111111111011111001101111000010111100001011110001111110000111000001011100000100111110110011
1111001111111100111111110011111110000111100000001110000001110000000111100000011111100001111111001111
1110011111111001111111000111111100000111110000001111000001111100000111110000011111000011111100011100
1110011111010001111100000101110011100111000100111100000011010000010001000111000100011100011111110011
0110011111010000001110000000111000000111100000011111000101111100000111110000011111000001101101111111
1111111111110111100111001110011000111001110011100111001100011000110001000011000100011000100011100000
1101100001101110000110011101111100100001110000001110000001111000000100100000000011101000001111100000
1110000111111010100111100000011110000001111000000111100000011110000001111000000111100000011110000000
1110001111110001111110000011111100001111000000111100000001111110000111110000011111001111101111111000
1111001111111100111111110001111110000101111000001111110011111111001111111100111111110111111111111111
1111111100111101010010110001111111000011111001100100000011010011111100000111100000111010000011100001
1001110000100111001010001110000001100001010110000111011000011001100001100111000111111100001111110110
1111111111111111111111101111111100100001100000000110000000011000000001100000000011111111101111111110
0000000000000000000000010001001111000111111100011111110001111111000111111000011111100001111111111111
0000000000111111100011000011001000010110110000001111000000111100001111110000011111000001111111110111
1110011101110001100100000110010001111000011011100000001110000000010000000100000000110100111011111111
1100100111110011011111000001111100000110110000011011000001101100000110110000010011000001111100000111
1100010000110100000011111100001111111000111111100011111100000001100000000000000000011110001111111110
1110111111110011111100000101110111110111111110111100111110000011111000000111100000010000000000000000
0000000000000000000000000100001111111111111111111111111111111111111111111111111111111011111000000010
1101111101110111110011010011001110001110110001110011100100001110010000010000100000000000000000111110
1110000011111011111101011001110100000111000000011100000001111110000111111000001111001010111111111001
0011111011011101001111100010110110001011110001101111001100001000111000100011110001011111000110110110
0000010000111111000011111001101111110111111110011111111001100000010000100111011011001000000000100001
1111001101111100111111100011100111101110011111111010111111101111111110011111110000011100001000000000
1010011111001001111100011001111101111111000111110010011100000000000001100000000111110011011111111111
1111111111111110111111110001111110000111111100011111110000111111001110111100111111110011011111011111
0000001000000001111100110011111111000111111100001111110001111110001111111000111111100010011110111111
0001100011000111000100011100000000111011001111111011101110001111010000111100010011111100001111100000
1111111011100111001110011100111000110001101011010110001100111000110001100001000000000100000000101000
1111111000111000000011101100001111111000111111100011111110001000110000100001000010000000001111111100
1111101111111110000111110000011110000001100000000111000000011111000001111000000111000000001110000000
1111011111111001111111100011111000000111100000001110000001110110000111010000011111000001111000000011
