1111111000101111100011111010000001100000011100000011100001110010000111111111011111110001111111001111
1110000111111001111111100110111100001011110101001111010101111101000111100000011110000000110000000000
0001100011000000001111000000111110000011111000011111110001110011000111001100011100110001110001000110
1111001111111100011111100001111110000111111100011111110001111111000111011100011110000001111001000111
1111111111011011100101100010110110001000011011100011101100001111100000000111000100011001110001101111
1110000000110000000011000000001111111111111111111111111111111111111111111111011110111101110101100111
1111111111111001111111110011111110000111111000011111100001111110000111110000011110000001110000000111
1100000011110000001111000000111100000011100000001110000000010000000011100000001110000000011000100001
1100000000001111111000110111000111110000011111010001111100001111110000111111000011111110001111111110
0000111111001111111101110011110111001111011000011101100011110001101111000000011100000001110110110111
1110000001111111100110011110010101111000110111100010111110000011111000001111100010111110000011111100
1101111111100001111110000111110000011111000011111100000111110000111111000001111100000111110001011111
1110000110110000001011100001100110001110010000000011000000101110010000111001000011100000001110010000
0000000000000000000000011110000011110000011111000001111100000111110000011111000001101100000100000000
0000000000000000000000000110010000111111000011110000001111000000111011000110111001111111111100001111
1100111110110011111010001111100001111000000111110000111111000111111100011111110001110001001111111000
1111110000111101000011000000001110000000111100000011110000001111100000111110000011111111110001101111
0011111111011111111101111001110111100111011100011101110001111001000111000100011100000001110100011111
1111011111111101111111100011111110000101111000110111100011011110001101111000110111000011011111111101
1100010000101011010010110000000011110000111111111010111100001111110000111111000011111111001111110011
0001111111001100111101100011110110001111011100111101110011110110101011011000001101000011111101111111
0011111111011110111101110011110100000111011100011111100001111110001111000000111100100001111111110111
0000011101000101110000110011001011001100101100110000000011100010000111000000111101101001111110100111
1100111110110011111010001111100001111000000111110000111111000111111100011111110001110001001111111000
1111011111111100111111100011111110011111111000111111100001110010001111000000011100000000010000000000
1110000111111000011111100001111110000111111100011111110001110011000111000000001100000000011110000001
1110111111111100011111110001111111000111111100011111100001111110000111111000011111100001010110000001
0000000000000001000000011110110000111010000011100000001010000000101000111111111110111111111111111111
1111111111111111101100001110000000010010000101000100000100100000100000100000000010000010001111111111
1100111111111010101111100110001000110000000011000100001100110000100010000010001110001110011100111110
1111111111111100111111110000111110000001111100011111000001111100000111110000011101100000110010000111
1111001111111100011111100001111110000111111100011111110001111111000111011100011110000001111001000111
1111111000111111100011111110001111111000111111100011111110001111111000111111100011111110001111111000
0011000110000000011011000001111110001111111000111100110011110011001111001100111000010000000000000111
0000111111011110111101110011111110000111111100011111110011111111111011010000001101000000111101101111
0000100000000010000000001000000010000100001100110000110110000011010000001111100001111111000111111111
0000000000000001000000011100000001111000000111110000001111000000111110000011100000111111111111111111
1101111111100011101110011110011001111011100111100110011110111001111011100011001000000100101000111011
0000010000000001000000000010000011101111011111111101111111000011011100001000110000110111000010011000
1100000111111000001111111001111001010111100001011111000111111110001111001001111100000111111110001111
1100111110110011111010001111100001111000000111110000111111000111111100011111110001110001001111111000
1111001111011100111100111000110001110011000011101100000000110000000011100000001110000011101000111111
1111101111111100011101111001111111100111111100011111110000111111000000111110000011111000000000000000
1110011111111000111111100011111110000011110110001111101000011110110001111111100111111100111110000111
0001111110011111111111110111111110001111110000111110000011111010000111111000011111100001111111101111
1111011111111110111111000011111100000111110000111011000011001110001100111000110011010111001101011100
1110011111111100111111110001111111000111111000001111000000111100000001111000001111100001010100000000
1111111110011011001001100101100110000000011011000011101100001011111011100000111010000011100001100111
1111110000111111000011111100001111110000111111000011111100001111100000111110000011111100001111110000
1111110000111111000011111100101111110000111111000111111100001111110000111111000011111100001111110000
1111111000111111000011111010100001111100111111110011111111001111111100111111110001101111000000111000
1111111111111111011111100111101100011110110001111000000011100000001100111000110011110001101111111101
0000010000110001010011000101011010011100011011111000001111000001111100001110110011011011001100100111
1110111111111011111100011111110011010001000000000000000000100000000000100000001011111000111111110000
1100111110110010011010001000101001101000000110100001110111000111111100011000010001110001001111111000
0011101110011110111011110011101011001100101111110000011100001001110000111111000011110001111111111111
0001110000000100000001100000000111010000011001000000111111100000111110001111111111110111111111010111
0000011010000001000001100000101011001010101011111111001110011100100001100011010110000110111000111011
1101111011000111101100111010110110101011011000111110001110100000111000000111100000010110000000000000
1111111111111100111111110000111110000001111100011111000001111100000111110000011101100000110010000111
1111011111010000000001011100000101110000110111000010011110001001111111001111111101111111110111100111
0000100000000010000000001000000010000100001100110000110110000011010000001111100001111111000111111111
0001000000000000000001100010000111000000011100000001110000100000001110011111111011111111111110001111
0000000000000001000000011100000001111000000111110000001111000000111110000011100000111111111111111111
1111111001111111100111111100001111110000111111000011111100001111110000111111000011111100001111110000
1011011111100000111100000001110000000000000000000000000000010110000001111100000111110000001111000000
0001111000000000100000110010000110111000001011100000111111110000111111000011111100111111111111001111
0011111111011111011101111001110111100011011100001101110000111101000011000001011100000101110110111111
1111111111111111111111010011111101000111011000011101100001100100001110000000011100000000010000000000
1110000111111001111111100110111100001011110101001111010101111101000111100000011110000000110000000000
1100000000001111111000110111000111110000011111010001111100001111110000111111000011111110001111111110
1110000110110000001011100001100110001110010000000011000000101110010000111001000011100000001110010000
1110000110110000001011100001100110001110010000000011000000101110010000111001000011100000001110010000
0111111111011111011111111100111111000001111110000111111000110111100011011000101100000110110111011011
1111111110011011001001100101100110000000011011000011101100001011111011100000111010000011100001100111
0111111111011100111111110011111111000111111000111111110011110000001111000000011100000000110001011111
0110011111011001111101000111110110011111011001111101100011110110000111000000011100000000010000000000
0001111110011110000001111001000110111001001101000110000100011000011001110000110111000011001100001100
1100010000101011010010110000000011110000111111111010111100001111110000111111000011111111001111110011
1111000111111100001111110001111111011111111110111111010011111000000011110001001111000000111110010011
1111111110111101111111110011110010001111101000111011000011101100000111110000011111000101111111111111
0000000000000000000000000111100001011100000111100000011110000001101110000011111100001001111111111111
1111001111011100111100111000110001110011000011101100000000110000000011100000001110000011101000111111
0000000000000001000000011100000001111000000111110000001111000000111110000011100000111111111111111111
0001111111001110111101110011110111000111011100011101110011110001000111000000111100000001110111010111
0000000000000001000000000000111000001111000000111100010001110001100111001111010001111111100001111100
0000011101000011110000000101010000001001101001100011001100010100101001100111111110011111111011111100
0011111111011111111101110011110111000111011100111101110111110001001111000000111100000011111111101111
1111111111111001111111110011111110000111111000011111100001111110000111110000011110000001110000000111
1111111111111111111111010001111101000011010000111101010011100101001111000000111100000000010000000000
1111111111111100111111100011111110001111001001111100100011110010001110000000011100000000000000000000
0000000001000001000100000000010000000001110000000111100010011110011111111011111111111111111111111111
0110011111011001111101000111110110011111011001111101100011110110000111000000011100000000010000000000
0111001111011110111101101101110110100111111110110100011001110000000100000000000000001000000000000100
0000010000000001110010000111001110100011100000001000000001110000000000000111010000001101110100111111
1111111111111111111110110011111000000111101100111110010001010011001111000000111100000000110000000000
0001000000000000000001100010000111000000011100000001110000100000001110011111111011111111111110001111
1011001111000100000000011100000000110000010000000001000000000111001111111100111111111111111111111111
1111000000111100000011100111101100111100110010110111101001111110011111101101111100000110110011011011
1111111111111100111111100011110010000111000000001100000000010010000111001000011100100000000010000111
1111111111111111111111000111111000001110100000111010000011101110001100110000110011000011101110101110
1111011111111100111111101001111100000111110000011111000001111100000110100000011010001000100000100110
1111011111111000111111100001111110000111111000011111100001111111001111111100011110110001111111100111
0111111110011011001001100010100110100000011011000011111101001011110111101111111110001111110001100011
0100000001010000001101000000110100000011000000000101100000011000000011000000000011101001111111110111
1111111111111111011111100111101100011110110001111000000011100000001100111000110011110001101111111101
1111111011111111000111111100011111100001111111000111111000011111100111111110001011111000011111100001
0000111111011110111101110011111110000111111100011111110011111111111011010000001101000000111101101111
0111110011011111001100111001110011100111001100001100110000001110000100111000010111100001111111111111
0000000100001001010000000001000000000000000000000000100000000010010111111011011111111111111111111111
1000101110100000111110110011111011001111100010111111001011111100101111000000011100000100001100000000
0011111111011111111101111001110111000011011110001101111000111101000011000100001100010100110101011111
0001110001001111111000111111110001111011000111101100011110001111111011001111100000111111000011111100
1111011111111100111111100001111110000111111000011111100001111110000111111100011110110001111011000111
0001111110011110000001111001000110111001001101000110000100011000011001110000110111000011001100001100
1111111111111100111111110011111110001111111000011111100001111111000111000000011100000000000000000000
1111111111111111111111100111111110011111100001111111100100011110000000111100000011100000001110011000
1111110000111100000011110000001111000000111000000011100000001110000000111000000011100000001111000000
1101111111100001111110000111110000011111000011111100000111110000111111000001111100000111110001011111
1101111110111010011011101000101111000010110000001010110001000010000100001000010000111001001111111000
0011111111011111111101111001111111000111011100011100111001110000000111000000011100000001110110111111
1111011111111000111111101001111100000111110000011111000001111100000111100000011110000000100000000011
1111100011111100001111100010111111000011111011000111101100011110111001111111110111111111111110000011
1111001111111100011111011101110011111011000011000100010011110001001010000100000000010000000000000000
1101111110111010011011101000101111000010110000001010110001000010000100001000010000111001001111111000
1001101111000100111100010011110011000110000110111010011011111101000111110000111100000001110000000000
1110110111111000011111100001111110000111111000011111100001111100001001110000100111000000011100000011
1111011111111100111111100011111110001111111000111111100001111110001111111100011110110001111011000111
1111011111110000000011111100000101110000100111000010011100000001111110001111111001111111100111101110
1100111111111100111111100001111111000111111100011111110001110110000111000000011100000000010000000000
0011111111011110111101110011110100000111011100011111100001111110001111000000111100100001111111110111
1111011111111110100111100011111110000110110000011011000001111100000101111000110111101001011110110111
1111101111111100011101111001111111100111111100011111110000111111000000111110000011111000000000000000
0111101111111110011111110000111111000111011100001101110000110111000111001100011110000001111001001111
0011111111011111011101111001110111100011011100001101110000111101000011000001011100000101110110111111
0111111111011100111111110011111111000111111000111111110011110000001111000000011100000000110001011111
1100100000111111000011001000011001000001100000000110010001111111100111111000011111000001110100000001
1011111111001111111101111011111110101011101001000111000000011000000001100000001100000011110000001111
0000111000000111100000110010000011001000001100100000110010000000001111000000111101001001111111100111
1111111010111111100011111100001111110000111110000011111000001111100000111110000011111000001111100000
1111011111111100111111101001111100000111110000011111000001111100000110100000011010001000100000100110
0111011100001100110000110011000011001000001111000000110100001111110000111111100011111110001111100000
1000111111000000101110000000001000000000011100000111111100001111101111110001111100000111110000111111
1001111111000111111100011111110000111111000011111100001111110000111111000011111100001111110000111111
0000011101000101110000110011001011001100101100110000000011100010000111000000111101101001111110100111
0001111111001110111101110011110111000111011100011101110011110001000111000000111100000001110111010111
0001110000000000000001110000000111100000001110100000110000110000011110000111111111111111111110001111
1100111110110011111010001111100001111000000111110000111111000111111100011111110001110001001111111000
0111111110011011001001100010100110100000011011000011111101001011110111101111111110001111110001100011
0111111111011110001111110000000110000000111000000011100000001100000001110000111111110011111111111100
0111111111011101111101000100011000010001000001000100000110011000011111100001011110000101111010111111
0011111111011111111111110011111111001111111100011111100001110111001111010000011100000100110110110111
1000011111000000011100000001110000000111000000111111101111111100111111110011111011100000111110000110
1111101111111110111111000011111001001111010100011100000011111000001111000000000000000000000000000000
0011111111011110111101110011110100000111011100011111100001111110001111000000111100100001111111110111
1000111111000000101110000000001000000000011100000111111100001111101111110001111100000111110000111111
1101111110111010011011101000101111000010110000001010110001000010000100001000010000111001001111111000
0111111111111100111111110011111111001111111000011111100001111110001111000000111100000000000000000000
1101111111011001110111110011001101001110111000111100100001000011000000011100111001110011101111001010
0111111111011101111101100011111110000111110000111100000011110000001111000000111100000101110011111111
0000000000000110000000001011000011111000001111100000111100000011111000001111100000111111110111111111
0011111111011110111101110011110100000111011100011111100001111110001111000000111100100001111111110111
1111111111111110011111110011111111001111111100001111110000111111000111000000011100000000000000000000
1111000111111100001111110001111111011111111110111111010011111000000011110001001111000000111110010011
1100000000111000000011101000001110111000111110000011111100001111000000111100000011110010001111111100
0000011110100001110010010011001100001100100100110000000011110000000111000000111101110011111111011111
1000111101100000110010100011000110000110001000001011111100111111110011000011000110011010010000111010
0000001100111100010011110001000111000000111000000011111100001111110000111111111101111111111111111111
0111111011001111101100110110111011000011100000001110000000111000000011010000001101110100110011000011
0111111111011110001111110000000110000000111000000011100000001100000001110000111111110011111111111100
0110000010011100011010111111101111111111110011110111001100111001111100110111110011011111001111111000
1111000111011100000000010000001101000100000000001000010000001111001111011110111111111011111111111111
0110111111011111111111111001111111000011111100001111111001110111000111011001011100000101110110110111
1111111111111111111111100111111110011111100001111111100100011110000000111100000011100000001110011000
1111011111111101111111100011111110000101111000110111100011011110001101111000110111000011011111111101
0000000001000001000100000000010000000001110000000111100010011110011111111011111111111111111111111111
1110110111110001111111000111111100011111110001111111000111111000011100100001110000000111000100000000
1111001111111100111111110111110000001000100000001110000000111000000001100001000000000100000000000000
0111011000001100100000110010000011101000001111000001111100001111110000111111100001111100000111100000
0011111111011111111111110011111111001111111100011111100001110111001111010000011100000100110110110111
1111111110110010001011110000101111000010110000001011110000000110000100010000010001110001001111111000
0111111111011111011111111100111111000001111110000111111000110111100011011000101100000110110111011011
0011111111011111111111110011111111001111111100011111100001110111001111010000011100000100110110110111
1111011111111100111111100001111110000111111000011111100001111110000111111000011110000001110000000111
0111111111011111011111111100111111000001111110000111111000110111100011011000101100000110110111011011
0000011111000001111100000111110000011111000001111100000111110000011111000001111100000111110000011111
1100111110110011111010001111100001111000000111110000111111000111111100011111110001110001001111111000
0000000000000000000000000110010000111111000011110000001111000000111011000110111001111111111100001111
0111000111011110001001110001100101011100010111000001111100001111110000111111000011111100001111000000
1011001111000100000000011100000000110000010000000001000000000111001111111100111111111111111111111111
1111000111111000001111110000111110000001111000001111110001111111000111111000011111100000111110000011
1111111110110010001011110000101111000010110000001011110000000110000100010000010001110001001111111000
0001000111000000011111110001110000000111000000011100000001111111101111111110011111000000110000000000
1110011011111001111111100011111110101111111000011111001001111001110111100000011110000001111000000011
1111111111111100111111100011111110001111001001111100100011110010001110000000011100000000000000000000
1000011111000000011100000001110000000111000000111111101111111100111111110011111011100000111110000110
1111001111111000111111100001111110000111111000011111100101111000111111100111101110000001111111000111
1110000111111001111111000100111100010111110001001111000101111000000011110011101101111110110000110111
0000000000001000100000111000111010100010100000000010000000001111100000111110010111111011111111101111
1100100000111111000011001000011001000001100000000110010001111111100111111000011111000001110100000001
1110011111111000111111100011111110000011110110001111101000011110110001111111100111111100111110000111
1111011100111001111011100011111100001111110010111100001101110000111111000011111000000000100000001111
1000101111100000011110010001101011000110100010011111100001111110000111100000011111110101111100000000
0000000000100001111000000011000000000000000010001000000000010000001111111101111111111011111111111111
1001110111000111011100110001111100110111110011010010011100000000111000000011000000001010000000100000
0011111111011110111111111001111111100011111100001111110000111110100111000010011100001011111111101111
1111011111111100111111100111111110001111111000011111100001111110001111000000011100000000000000000000
0001111110000010011001110001000111000000111110000001111111100111110110011111111001111111000111111000
0001100011000000001111000000111110000011111000011111110001110011000111001100011100110001110001000110
0011111111011111111101111001110111100011011100001111100000111110010011000011001100001101111111111111
1111111000111111000011111110001111111000111111100011111110001111110000111111100111111111011111111001
1101110111110011011110011111111001111111101101111110000001000000010100000100000000010001010000000101
0000111111001111111101110011110111001111011000011101100011110001101111000000011100000001110110110111
1110101111111100011111110001111111000111111100111111110001110111000011000000011100000000010000001111
1111110000111101000011100000001110000000111000000011100000001111000000111000000011111111111111111111
1110111111111011111100011111110011010001000000000000000000100000000000100000001011111000111111110000
1111001111010000000011001100000101110000110011100011001110000001111111001111111101111111110111010111
1100001111100000011111000001110110011111011001111111100001011110001001111111101101110000000000000001
0111111111111111111110110011111011001111101100111110100010010010001111000000011100000000110000000000
1111111111111001111111100011111100000111110000011111110011111111000011011100011100000001110000000000
1100010000101011010010111001001011100100111110000010111000001111110000111111000011111111001111111011
1110000000110000000011000000001111111111111111111111111111111111111111111111011110111101110101100111
1101111111100011101110011110011001111011100111100110011110111001111011100011001000000100101000111011
1110000110110000001011100001100110001110010000000011000000101110010000111001000011100000001110010000
0001000111000000011111110001110000000111000000011100000001111111101111111110011111000000110000000000
0000011010000001000001100000101011001010101011111111001110011100100001100011010110000110111000111011
1111110000100000000000000000001000000000100000100011000010001111010000111111101111111111111111111111
1111011111110000000011000000000100100000110000010011100011101110001110111010111011101011101111111110
1111111111111100111111110001001111001100111100110011100011000000001101000000000100000000000000000000
1011001111000100000000011100000000110000010000000001000000000111001111111100111111111111111111111111
1111100001101100000010100000011110010011111001001110101100111110110011100001001000000100001111111110
1111000111111100001111110001111111011111111110111111010011111000000011110001001111000000111110010011
0111001111011100011001110011100101000100011100000011101100001111110000111111100011111100001100000000
1111011111111100111111100011111110001111111000111111100001111110001111111100011110110001111011000111
1111111110110010001011110000101111000010110000001011110000000110000100010000010001110001001111111000
0000100000000010000000001000000010000100001100110000110110000011010000001111100001111111000111111111
1100111111111100111111100001111111000111111100011111110001110110000111000000011100000000010000000000
0011111111011110111101110011110100000111011100011111100001111110001111000000111100100001111111110111
1111111001111110000111111000001111100000111110000011111000001111100000111110000011111000001111100000
0001000111000000011111110001110000000111000000011100000001111111101111111110011111000000110000000000
1111000111011100000000010000001101000100000000001000010000001111001111011110111111111011111111111111
1111111100101111100011111110001001111000111111100011111110001011111000111111110010001111001111111000
0001111000001101100000110010000111001000011100000000110000000010001111000000111101100011111110101111
0000000000000110000000001011000011111000001111100000111100000011111000001111100000111111110111111111
1110111111111100011111110001111111000111111100011111100001111110000111111000011111100001010110000001
0001111000001000100001110010000111101000011110000000111101100001111111000111111100011111111110101111
0010110000001110000100011000001001110001010111100100101111000010111110000001111001101111111111111111
1110011111111100111111110001111111000111111000001111000000111100000001111000001111100001010100000000
1111111111111111111111010011111101000111011000011101100001100100001110000000011100000000010000000000
1111101111111101111111110011111111001111111100111111110001111111000111101100001100110000110000000000
0011111111011111111101111001110111100011011100001111100000111110010011000011001100001101111111111111
1111111111111100111111011011111101001111010111111101010011000000000101000000011100000000010000000000
0000111111000011111110000111110000001110000000111011110011101110000111111100011111110001111111001111
1111011100111001111011100011111100001111110010111100001101110000111111000011111000000000100000001111
1100100000111111000011001000011001000001100000000110010001111111100111111000011111000001110100000001
0111101111111110011111110000111111000111011100001101110000110111000111001100011110000001111001001111
0000011110100001110010010011001100001100100100110000000011110000000111000000111101110011111111011111
0000000000100001111000000011000000000000000010001000000000010000001111111101111111111011111111111111
0011000110000000011011000001111110001111111000111100110011110011001111001100111000010000000000000111
0000001100111100010011110001000111000000111000000011111100001111110000111111111101111111111111111111
0000000000000001000000011110110000111010000011100000001010000000101000111111111110111111111111111111
0111001111100000011110000000110000000111110000011000100000000110001111111100111111111011111111111111
1111111111111111011111100111101100011110110001111000000011100000001100111000110011110001101111111101
1111111111100011001110011100110000110001000011001100000100110000010011000001001100000100110000010011
1011001111000100000000011100000000110000010000000001000000000111001111111100111111111111111111111111
0001111110011111111111110111111110001111110000111110000011111010000111111000011111100001111111101111
0111111111011111011111111000011111000011111110001111111000110010100111000000011100000001110000111111
1111111110110010001011110000101111000010110000001011110000000110000100010000010001110001001111111000
1011011111100000111100000001110000000000000000000000000000010110000001111100000111110000001111000000
1110000000110000000011000000001111111111111111111111111111111111111111111111011110111101110101100111
1111111000101111100011111010000001100000011100000011100001110010000111111111011111110001111111001111
1000010100101101011010110001101011000110111111011010111100001111111000111111000011111110001111111001
1111101111111110111111000011111001001111010100011100000011111000001111000000000000000000000000000000
0000000001000001000100000000010000000001110000000111100010011110011111111011111111111111111111111111
1111011111111100111111100001111110000111111000011111100001111110000111111000011110000001110000000111
0111111111011110001111110000000110000000111000000011100000001100000001110000111111110011111111111100
1011111111001111111101111011111110101011101001000111000000011000000001100000001100000011110000001111
1001110111000111011100110001111100110111110011010010011100000000111000000011000000001010000000100000
0000000000000000000000000111100001011100000111100000011110000001101110000011111100001001111111111111
1101001100111100111111100011111110001111111010111111100011111100000111110000011100000001110000000111
1101001111111100111111110001111111001111111100011111110000111111000011000000001100000000000000000000
1111011111111100111111100001111110000111111000011111100001111110000111111000011110000001110000000111
0001111111001100111101100011110110001111011100111101110011110110101011011000001101000011111101111111
1110011111100000111110000011111000001111100000111111000011001100001000100000000010000000001111111111
0000000000001110000000010000000110110000011111000001110100000110111110000001110001111111101111111111
1111000000111100000011100111101100111100110010110111101001111110011111101101111100000110110011011011
1111111111111110111111000001111100000011010100011111010001101111001111000000111100000000010000000000
0000000100000001000000001100110000110011000011100100001110000000101000111111111111111111111111111110
0111100111011110011101111001100111010100001101100011111100001111111000111111100011100000001000000000
0011111111011111011101111001110111100011011100001101110000111101000011000001011100000101110110111111
0000010000000001110010000111001110100011100000001000000001110000000000000111010000001101110100111111
0011111111100000011111100100011110000011110000001110000000011100000100110100100011110111111111010011
0001000111000000011111110001110000000111000000011100000001111111101111111110011111000000110000000000
0110111111011111111111111001111111000011111100001111111001110111000111011001011100000101110110110111
0111111111111111111110110011111011001111101100111110100010010010001111000000011100000000110000000000
1111000001111100000111111110011111111001111110000011111000111000100011100100001110000000111000010011
1100111110110010011010001000101001101000000110100001110111000111111100011000010001110001001111111000
1111000000111100000011100111101100111100110010110111101001111110011111101101111100000110110011011011
1111111111111100111111110000111110000001111100011111000001111100000111110000011101100000110010000111
1110101111111100011111110001111111000111111100111111110001110111000011000000011100000000010000001111
1111111110111101111111110011110010001111101000111011000011101100000111110000011111000101111111111111
1111111111111110011110011001111001000111100100011110010011111000000111100000100000000010100000000111
1111100000111110000011100000001110000000111100000011110000001111000000111100000011111111110111111110
0011111111011111111101110011110111000111011100111101110111110001001111000000111100000011111111101111
1111001111111100011111110000111111000011111000001111110000111111000011111100001111100000111110000011
1111000111011100000000010000001101000100000000001000010000001111001111011110111111111011111111111111
1111011111111000111111101001111100000111110000011111000001111100000111100000011110000000100000000011
0000011111000001111100000111110000011111000001111100000111110000011111000001111100000111110000011111
0000111111000000001100000000010000000000100000000010000000000100000011111000001111000000111000000011
1111111111111110111111100011111110000111001000011101100001110000001110000000011100000000000000000000
0011111111111101111111111011111111001111000001111100010011110001001111000000000000000000000000000000
0000000000000000000000011111001001111100001111110000111111000110111000001111100000111110000111111111
0111111111011100111111110011111111000111111000111111110011110000001111000000011100000000110001011111
0011111000100111100000011110000001111100011111000010111110000011111100000111111100001111010000111000
0000100000000010000000001000000010000100001100110000110110000011010000001111100001111111000111111111
0001110000000000000001110000000111100000001110100000110000110000011110000111111111111111111110001111
1111110000111111000011111110011111111011111001111111000000010000000000000000000000000000110000011111
1111111111111110111111110001001111000110111100011111110001011111000110110000010011000000001110001110
1011000000111000000011000000001000000000000000000000000000000000000001100011111111011111111111111111
0000000000001000100000111000111010100010100000000010000000001111100000111110010111111011111111101111
1111110111110111100111011110011111110000111111000011111110001101110000101110000111111000011111110101
1111001111100000000010001100001000110000100011100010001110000001111111111111111111111111111111111111
0000001000000000100000000000000000010100000001010000001111100000111000111111111111101101111111111111
1111101111111110111111110111111111000111111000011011100001100000000111000000011100000001110000000000
1111001111111000111111100001111110000111111000011111100101111000111111100111101110000001111111000111
1111001111111100011111100001111110000111111100011111110001111111000111011100011110000001111001000111
1111011111111000111111100001111110000111111000011111100001111111001111111100011110110001111111100111
1100111110110011111010001111100001111000000111110000111111000111111100011111110001110001001111111000
1100111110110011111010001111100001111000000111110000111111000111111100011111110001110001001111111000
0110111111011111111111111110111111111011111111110111100111010000001000001101000001111100100011110000
0111111111011100111111110011111111000111111000111111110011110000001111000000011100000000110001011111
1111111111111011111111000000111000000001110000001111000000111000000011100000001110000000110000000000
1100111110110011111010001111100001111000000111110000111111000111111100011111110001110001001111111000
0011111111100000011111100100011110000011110000001110000000011100000100110100100011110111111111010011
0000000000000001000000000110000001011000111111001111011000010001111111111110111101111111101111100111
1100001111100000011111000001110110011111011001111111100001011110001001111111101101110000000000000001
0111111111011110001111110000000110000000111000000011100000001100000001110000111111110011111111111100
1111011111111101111111100011111110000101111000110111100011011110001101111000110111000011011111111101
0001000111000000011111110001110000000111000000011100000001111111101111111110011111000000110000000000
0101011111000111011100001000010000000000000000100000000110000000011001100111111110111111111111111011
1101111110111010011011101000101111000010110000001010110001000010000100001000010000111001001111111000
1111000111011100000000010000001101000100000000001000010000001111001111011110111111111011111111111111
1111011111111100111111100001111110000111111000011111100001111110000111111100011110110001111011000111
1111000111011100000000010000001101000100000000001000010000001111001111011110111111111011111111111111
1101111111100011101110011110011001111011100111100110011110111001111011100011001000000100101000111011
1111011111111110111111000011111100000111110000111011000011001110001100111000110011010111001101011100
1111111111111101111111100000011110001110110000101010000011001010001111110000000011100000000000000000
0000011111001111111101110011110111001111011100111101110011110100000111010000011100000001111101111111
1111011111110000000011011100000111110000110111000010011111100001111110001111111001111111101111111110
1111011111111000111111101001111100000111110000011111000001111100000111100000011110000000100000000011
0011111111011110011101110000110111000011111100111101111011110100110011010000001101100000111111101111
0000000100000001000000001100110000110011000011100100001110000000101000111111111111111111111111111110
1000101111100000111111000001001010000000100000111111100011111110001111100000111111110000011100000000
1110111111111100011111110001111111000111111100011111100001111110000111111000011111100001010110000001
0001111000000000100000110010000110111000001011100000111111110000111111000011111100111111111111001111
1111111111111100111111110011111110001111111000011111100001111111000111000000011100000000000000000000
1110011111111100111111100011111110001111111000111111100001110110000111001000011100000001110000000000
0001111000000000100000110010000110111000001011100000111111110000111111000011111100111111111111001111
1111111111111100111111100011111110001111001001111100100011110010001110000000011100000000000000000000
1111111100111101100011110110001111011000111100100011110000001111000000111100000111111001011111110111
0111111111111100111111110011111111001111111000011111100001111110001111000000111100000000000000000000
0011111111011111111101111100111111110011111110001111110001110010000111000000011100000000110000110111
1111111111111110000111110000001111000000111100000011110000001111000000111100000011110000001111000000
1111111111100011001110011100110000110001000011001100000100110000010011000001001100000100110000010011
0011000110000000011011000001111110001111111000111100110011110011001111001100111000010000000000000111
1101111110111010011011101000101111000010110000001010110001000010000100001000010000111001001111111000
0011111111011111111101111001110111000011011110001101111000111101000011000100001100010100110101011111
1111111111111111111111111111111110001111110000111111000011111100000111110000111111000001111100000011
1111111111100011001110011100110000110001000011001100000100110000010011000001001100000100110000010011
0111000111011110001001110001100101011100010111000001111100001111110000111111000011111100001111000000
1111110001111111000011111100001111110000111111000011111100001111110000111111000011111100001111110000
0000000000000001000000000110000001011000111111001111011000010001111111111110111101111111101111100111
1111111111111100111111100011111110001111001000111100100011110010000111000000011100000000000000000000
0000000010000000010000000010000000111000000011000000011110000000111000111111111111111111111111111111
1001011100100100110010000001000000001100111100110010110011100011001111111010111111101011111110111111
0000011110100001110010010011001100001100100100110000000011110000000111000000111101110011111111011111
1100111111111100111111100001111111000111111100011111110001110110000111000000011100000000010000000000
1111111111001011111000000100000000000000000000000000000100000100011010010001100011101111111111111111
1110000000110000000011000000001111111111111111111111111111111111111111111111011110111101110101100111
0000000000000000000000011111001001111100001111110000111111000110111000001111100000111110000111111111
0111100111011110011101111001100111010100001101100011111100001111111000111111100011100000001000000000
1111001111111100011111011101110011111011000011000100010011110001001010000100000000010000000000000000
1111001111111100011111100001111110000111111100011111110001111111000111011100011110000001111001000111
0011111111011111011101111000111111100011111110001111111100110110101011000000001100000000111000111111
1001010011000101111100001111110000111111100001111111000111111100001110111000011011100001011111000000
1111111111111111111111111111111110001111110000111111000011111100000111110000111111000001111100000011
0101011111000111011100001000010000000000000000100000000110000000011001100111111110111111111111111011
1111111111111101111111100000111100001111000000111101100011010000001111000000111100000000000000000000
1111111011101011001100001111111000110001000010000100001000010000100001000010010100000001010000110111
1000010100101101011010110001101011000110111111011010111100001111111000111111000011111110001111111001
0110000010011100011010111111101111111111110011110111001100111001111100110111110011011111001111111000
0111111111111110111111110001111111000111111100011111110001111100000011110000001111110000111111111111
1100111110110010011010001000101001101000000110100001110111000111111100011000010001110001001111111000
0011111111011100111100100011110110001111111000000011100000001100000000010000000001110000001111111111
0011111111011111111101111001110111100111011100011101110001111001000111000100011100000001110100011111
1111011111111101111111100011111110000101111000110111100011011110001101111000110111000011011111111101
1111110000111100000011110000001111000000111000000011100000001110000000111000000011100000001111000000
1001110000101100000010110000001010110011101011011110101100111110110011100010001000000000001111111100
0000000000000110000000001011000011111000001111100000111100000011111000001111100000111111110111111111
0000011111000001111100000111110001111111000111111100010111110000011111000001111100000111110000011111
1110100011111000001100001100110000000011000100000101000000011111001111111100111111110000010000000001
1001111011000111001100110101111110110110110011010010011101000000111000000111000000010110000000000000
0111101111001100011000110001111111000111110001000110000000010011000001101000001110100001111110000111
1111011111111100111111100011111110011111111000111111100001110010001111000000011100000000010000000000
0111111111011110001111110000000110000000111000000011100000001100000001110000111111110011111111111100
0000000000000001000000000000111000001111000000111100010001110001100111001111010001111111100001111100
0000000000000000000000000110010000111111000011110000001111000000111011000110111001111111111100001111
1111001111111100111111110011111110001111111000111111100001110010000111000000000000000000001111000011
1111111111111111111111100111111110011111100001111111100100011110000000111100000011100000001110011000
0000111111001111111101110011110111001111011000011101100011110001101111000000011100000001110110110111
1111011111111000111111101001111100000111110000011111000001111100000111100000011110000000100000000011
1111101110011100111101100011110110001111011100111111100011110110000111011000011100000001110000000110
1111011111111100111111100001111110000111111000011111100001111110000111111100011110110001111011000111
1111101001111110000011111000001111100000111110000111111000001111100001111110000111111110011111110011
0000000000000000000000011111001001111100001111110000111111000110111000001111100000111110000111111111
0000001000000000100000000000000000010100000001010000001111100000111000111111111111101101111111111111
1110000000110000000011000000001111111111111111111111111111111111111111111111011110111101110101100111
1111001111010000000011011100000001110000110011100010001110000001111111000111111100111111110011010111
0000000001000001000100000000010000000001110000000111100010011110011111111011111111111111111111111111
1110000000110000000011000000001111111111111111111111111111111111111111111111011110111101110101100111
0000001000000000100000000000000000010100000001010000001111100000111000111111111111101101111111111111
1111110001111111011111111110111111110001111111000111111100011111110000111111000011111100011111111101
1111111111111100111111110000111110000001111100011111000001111100000111110000011101100000110010000111
0001000000000111100100011111110000111000110011100000001110000001010000110101111011111111111111011111
0000000000000000000000000110010000111111000011110000001111000000111011000110111001111111111100001111
1111001111111100011111110000111111000011111000001111110000111111000011111100001111100000111110000011
0000000000001000100000111000111010100010100000000010000000001111100000111110010111111011111111101111
1111111111111111011111100111101100011110110001111000000011100000001100111000110011110001101111111101
1000111111100000111110000011011010000000100000110011100011111110011111100000111111100000111100000000
0011111000100111100000011110000001111100011111000010111110000011111100000111111100001111010000111000
1111111011101011001100001111111000110001000010000100001000010000100001000010010100000001010000110111
1110110111110001111110001111111000111111110011111110000111010000011100000001110000000111000000000000
0000001111100000111111000011111000001111000000011100000001110000000111000000011100000001110000000011
1110111111111100011111110001111111000111111100011111100001111110000111111000011111100001010110000001
1111111111001011111000000100000000000000000000000000000100000100011010010001100011101111111111111111
0111110111011110011101111101110010000111001000001100000001111000000111000000011101110001110111000101
1110011111111100111111100011111110001111111000111111100001110110000111001000011100000001110000000000
1111000111111000001111110000111110000001111000001111110001111111000111111000011111100000111110000011
1111001111111000011111100001111110000011110011001100000000100000000000100000000110000000011010000001
0000000000000001000000011110110000111010000011100000001010000000101000111111111110111111111111111111
1100111110110011111010001111100001111000000111110000111111000111111100011111110001110001001111111000
1111111110110010001011110000101111000010110000001011110000000110000100010000010001110001001111111000
1111011111111100111111100001111110000111111000011111100001111110000111011000001100000000110000000001
0011011100001100100000110010000011001000001111000000111100001111110000111111100001111100000111100000
1111100000111110000011100000001110000000111100000011110000001111000000111100000011111111110111111110
1111011100111001111011100011111100001111110010111100001101110000111111000011111000000000100000001111
1100111110110011111010001111100001111000000111110000111111000111111100011111110001110001001111111000
1111011111111000001111100001111111000111111110011111000101111010000111101000011100001001110000000011
0001111111001100111101100011110110001111011100111101110011110110101011011000001101000011111101111111
0111111111011110011111111000111111000011111100001111110001110000000111000000101100000010110111111111
1111111011101011001100001111111000110001000010000100001000010000100001000010010100000001010000110111
1111110000111111000011111100101111110000111111000111111100001111110000111111000011111100001111110000
1111011100111001111011100011111100001111110010111100001101110000111111000011111000000000100000001111
0000000000000001000000000000111000001111000000111100010001110001100111001111010001111111100001111100
1100111110110010011010001000101001101000000110100001110111000111111100011000010001110001001111111000
0011000110000000011011000001111110001111111000111100110011110011001111001100111000010000000000000111
0111101111011100111101100001111110000111011100011111100001110110000011011000001101101001110000000111
0000111111000011111110000111110000001110000000111011110011101110000111111100011111110001111111001111
1111110000111101000011000000001110000000111100000011110000001111100000111110000011111111110001101111
0111100001111110001111000010010100000011100011001110011111111000101111100111101111011111110000110110
0111001111100000011110000000110000000111110000011000100000000110001111111100111111111011111111111111
1111111111001110111100011011110001101111000110111100010001110000000111000000000000000000001111000000
1111111110111101111111110011110010001111101000111011000011101100000111110000011111000101111111111111
1111110000111101000011100000001110000000111000000011100000001111000000111000000011111111111111111111
0000000000100000101010010111000000010000000011110000000001001100000110110111011111111111111111111111
1111001111010000000001011100000101110000110111000010011110000001111111001111111101111111110111100111
1100110111110010001110001000011000000001100000000110000100011000000011100000011110000001111110110111
1111111111111111111111000111111000001110100000111010000011101110001100110000110011000011101110101110
1111011111111000111111100001111110000111111000011111100001111111001111111100011110110001111111100111
0011111111011111111101111001110111100111011100011101110001111001000111000100011100000001110100011111
0111001111011110111101101101110110100111111110110100011001110000000100000000000000001000000000000100
1101001000100100000000001000000000110110001011011111011111010001111001100111100110001111010101110000
1111011111111100111111100011111110001111111000111111100001111110001111111100011110110001111011000111
1111011111100000000010000000001000000000100000001010100011111110001111111010111011101011101111111110
1111001111111100011111110000111111000011111000001111110000111111000011111100001111100000111110000011
1111111000111111100011111110001111111000111111100011111110001111111000111111100011111110001111111000
1100111110110011111010001111100001111000000111110000111111000111111100011111110001110001001111111000
0111111111011101111101100011111110000111110000111100000011110000001111000000111100000101110011111111
1111011100111001111011100011111100001111110010111100001101110000111111000011111000000000100000001111
0000011001000011100010010010001011001000101100100000010000000000000111000000011111100001111110110111
1111000000111100000011100111101100111100110010110111101001111110011111101101111100000110110011011011
1111011111111101111111100011111110000101111000110111100011011110001101111000110111000011011111111101
1111011111111000000011100000101100111000111111100011111110001101110000110001000011000010001110000000
1111000110111000000011100000111110100000110111100111111110011110001000111000100011110001011111000111
1111101001111110000011111000001111100000111110000111111000001111100001111110000111111110011111110011
0011011100001100100000110010000011001000001111000000111100001111110000111111100001111100000111100000
1111111111111110011110011001111001000111100100011110010011111000000111100000100000000010100000000111
1111100001011000000101100000011100000101110110111101001001111100100111101000011100001000001111111111
1111011111100000000010000000001000000000100000001010100011111110001111111010111011101011101111111110
0110111111011111111111111001111111000011111100001111111001110111000111011001011100000101110110110111
1111111000101111100011111010000001100000011100000011100001110010000111111111011111110001111111001111
0111111111011110011111111000111111000011111100001111110001110000000111000000101100000010110111111111
1111100011111100000111110000011111000001111100000111111000011111100000111110000011110000001111111000
0011111111011111111111110111111100001111110000111110100011111110000111111000111111100011111111101111
1001001000011101100001011111000001001101001111111100111111110111111111000011111100000000010000000001
0111101111111110011111110000111111000111011100001101110000110111000111001100011110000001111001001111
0000011101000101110000110011001011001100101100110000000011100010000111000000111101101001111110100111
0111110001011111100100001111010011111101101111110100111111010001101000111110000011111100001100110000
0111011111010000000001000000000100000000110000111111100011110110001111011100111101111011110111101111
1111111000111111100011111110001111111000111111100011111110001111111000111111100011111110001111111000
1100100000111111000011001000011001000001100000000110010001111111100111111000011111000001110100000001
0000011111001111111101110011110111001111011100111101110011110100000111010000011100000001111101111111
1101111110111010011011101000101111000010110000001010110001000010000100001000010000111001001111111000
0000111111000000001100000000010000000000100000000010000000000100000011111000001111000000111000000011
1100111111111010101111100110001000110000000011000100001100110000100010000010001110001110011100111110
1111110111111111001111110110111111001111111100011111110000111111000111011100000011100001001110000111
1111011111111100111111100001111110000111111000011111100001111110000111111000011110000001110000000111
1111100011111100001111100010111111000011111011000111101100011110111001111111110111111111111110000011
1111100111111100011111110101111111000111111000011111110001110111000111000000111100000000010000000000
1111101111111100011101111001111111100111111100011111110000111111000000111110000011111000000000000000
1111111111111111111111111111111110001111110000111111000011111100000111110000111111000001111100000011
1111011111111100111111100111111110001111111000011111100001111110001111000000011100000000000000000000
1111111111111100111111011011111101001111010111111101010011000000000101000000011100000000010000000000
1111111111111101111111100000011110001110110000101010000011001010001111110000000011100000000000000000
0011111111100000011111100100011110000011110000001110000000011100000100110100100011110111111111010011
0011111111011111111101111001110111100011011100001111100000111110010011000011001100001101111111111111
0011111111100000011111100100011110000011110000001110000000011100000100110100100011110111111111010011
0000000000000000000000000111100001011100000111100000011110000001101110000011111100001001111111111111
0011111111100000011111100100011110000011110000001110000000011100000100110100100011110111111111010011
0011111111011111011101111001110111100011011100001101110000111101000011000001011100000101110110111111
1111111100111101100011110110001111011000111100100011110000001111000000111100000111111001011111110111
0011000110000000011011000001111110001111111000111100110011110011001111001100111000010000000000000111
1110011111111000111111100011111110000011110110001111101000011110110001111111100111111100111110000111
0000000000000001111000001101000000000000000000000000000000100000000001111011111111111101111111111111
1110011111111100111111100011111110001111111000111111100001110110000111001000011100000001110000000000
0111111111011110001111110000000110000000111000000011100000001100000001110000111111110011111111111100
1111111111111100111111000011101111001111110100111111000001111100000111110000011110000000110000000011
0000111111001111111101110011110111001111011000011101100011110001101111000000011100000001110110110111
1111011111111100111111100011111110011111111000111111100001110010001111000000011100000000010000000000
0011111111011111111101111001110111100011011100001111100000111110010011000011001100001101111111111111
1110110111110001111110001111111000111111110011111110000111010000011100000001110000000111000000000000
0110111111011111111111111001111111000011111100001111111001110111000111011001011100000101110110110111
0000000001000001000100000000010000000001110000000111100010011110011111111011111111111111111111111111
1111100011111100001111100010111111000011111011000111101100011110111001111111110111111111111110000011
0000001000000000100000000000000000010100000001010000001111100000111000111111111111101101111111111111
1111111111111111111111000111111000001110100000111010000011101110001100110000110011000011101110101110
1000111111000000101110000000001000000000011100000111111100001111101111110001111100000111110000111111
0001110000000100000001100000000111010000011001000000111111100000111110001111111111110111111111010111
0011111111011111111111111001111111000111111010011111111000111111100111000010011100001001111111101111
0111011000011101100001110110000111010000011111000001111000001111110000111111000011111000001111000000
1111000000111100000011100111101100111100110010110111101001111110011111101101111100000110110011011011
1111110000111111000011111110011111111011111001111111000000010000000000000000000000000000110000011111
0011111011011101101111110010111111100110110110001010011000100001110000100111000001011100000001110000
0000000000000000100000011100010000000001000000000000000000110000010111111111111111101011111111111111
1111111000111111000011111100001111110000111111000011111100001111110000111111000011111100001111110000
0100000001010000001101000000110100000011000000000101100000011000000011000000000011101001111111110111
1111011111111100111111100001111110000111111000011111100001111110000111111000011110000001110000000111
1111111111111100111111110011111110001111111000011111100001111111000111000000011100000000000000000000
1111111111111111111111011011111101000111010100011101000001100100001111000000111100000000010000000000
1111111111111111111111011011111101000111010100011101000001100100001111000000111100000000010000000000
0011111111011111111101111001110111000011011110001101111000111101000011000100001100010100110101011111
1000000000100010000010011000001001100000100111000010111100001001111000100111100010111100001011110000
0000011111001111111101110011110111001111011100111101110011110100000111010000011100000001111101111111
1100111110110011111010001111100001111000000111110000111111000111111100011111110001110001001111111000
0011111111011111111111110011111111001111111100011111100001110111001111010000011100000100110110110111
1001001000011101100001011111000001001101001111111100111111110111111111000011111100000000010000000001
1111100011111100001111100010111111000011111011000111101100011110111001111111110111111111111110000011
1100001111100000011111000001110110011111011001111111100001011110001001111111101101110000000000000001
0111111111011100111111110011111111000111111000111111110011110000001111000000011100000000110001011111
0111101111111110011111110000111111000111011100001101110000110111000111001100011110000001111001001111
1111011111111100111111101001111100000111110000011111000001111100000110100000011010001000100000100110
1110000111111001111111000100111100010111110001001111000101111000000011110011101101111110110000110111
1110011111111100111111100011111110001111111000111111100001110110000111001000011100000001110000000000
1110000110110000001011100001100110001110010000000011000000101110010000111001000011100000001110010000
1111111111100011001110011100110000110001000011001100000100110000010011000001001100000100110000010011
1111011111111110111111000011111100000111110000111011000011001110001100111000110011010111001101011100
1100111110110011111010001111100001111000000111110000111111000111111100011111110001110001001111111000
1011001111000100000000011100000000110000010000000001000000000111001111111100111111111111111111111111
0000000010000000010000000010000000111000000011000000011110000000111000111111111111111111111111111111
0011111111011111011101111000111111100011111110001111111100110110101011000000001100000000111000111111
1111110000111110000011111000001111100000111110000011111000001111100000111111000111111100111111110001
1111001111100000000010001100001000110000100011100010001110000001111111011111111111111111111111111111
0000000100001001010000000001000000000000000000000000100000000010010111111011011111111111111111111111
1011110000111100001110110000111110000011111000001110101001111111100011100000001000000000001111111100
1111111111111110011110011001111001000111100100011110010011111000000111100000100000000010100000000111
0000111111011110111101110011111110000111111100011111110011111111111011010000001101000000111101101111
0111111111011110001111110000000110000000111000000011100000001100000001110000111111110011111111111100
1111001111011100111100111000110001110011000011101100000000110000000011100000001110000011101000111111
1111111111111101111111100000111100001111000000111101100011010000001111000000111100000000000000000000
0111110111011111001100110011110111000110011100011000110000001110001001111000011011110011001111111110
1111111111111100111111011011111101001111010111111101010011000000000101000000011100000000010000000000
0111111110011011101001100110100110001000011001000011101100001110110011000011111110000111110001101111
1100000111111000001111111001111001010111100001011111000111111110001111001001111100000111111110001111
1111011111111100111111100011111110001111111000111111100001111110001111111100011110110001111011000111
1111111111111111111111000111111000001110100000111010000011101110001100110000110011000011101110101110
1111110001111111000011111100001111110000111111000011111100001111110000111111000011111100001111110000
0000100000000010000000001000000010000100001100110000110110000011010000001111100001111111000111111111
1011111111001111111101111011111110101011101001000111000000011000000001100000001100000011110000001111
1110111111110001111111000111111100011111110001111110000111101000011100100001110000000111000000010100
0000000010000000010000000010000000111000000011000000011110000000111000111111111111111111111111111111
0011100000001110000001111100000111111000011111100000111111110011101110011110111011111011101000000000
1000111101100000110010100011000110000110001000001011111100111111110011000011000110011010010000111010
0000111111011110111101110011111110000111111100011111110011111111111011010000001101000000111101101111
0001110000000100000000010111110000111000000111100000011010000001000000110101111111111111111111111111
1101111110111010011011101000101111000010110000001010110001000010000100001000010000111001001111111000
0000000100000001000000001100110000110011000011100100001110000000101000111111111111111111111111111110
1111101111111110111111111011111111001111101110111100000011110000001111000000000000000000000000000000
1111110000111110000011111000001111100000111110001011110000001111000000111100001011110101101111000010
1111111111111110011111110011111111001111111100001111110000111111000111000000011100000000000000000000
0001000111000000011111110001110000000111000000011100000001111111101111111110011111000000110000000000
0000111000001111111000011110111111110010001111101100111100101111110010111111101101111110011111111000
1111101111111110111111110111111111000111111000011011100001100000000111000000011100000001110000000000
1111111111111111111111100111111110011111100001111111100100011110000000111100000011100000001110011000
1111011111111000111111100001111110000111111000011111100001111111001111111100011110110001111111100111
0111111111011110011111111000111111000011111100001111110001110000000111000000101100000010110111111111
1111011111111110111111000011111100000111110000111011000011001110001100111000110011010111001101011100
0111111111011100000000000000000000000000111000011111100001111111001111111100111111111011111111111111
1111011111111100111111100001111110000111111000011111100001111110000111111100011110110001111011000111
0011111111011111111111110111111100001111110000111110100011111110000111111000111111100011111111101111
0011111111000111111100011111110000111111000111111100011111110000101111000011111100011111110001111111
1100110111110010001110001000011000000001100000000110000100011000000011100000011110000001111110110111
1111111111100011001110011100110000110001000011001100000100110000010011000001001100000100110000010011
1111111111111110111111111011111111110101111001010101000100000100110000000010000000001000000000000001
0001111000001000100001110010000111101000011110000000111101100001111111000111111100011111111110101111
1001001101100100011110010001111001100011100110001110011000111001100111100110011110011101111101010111
0011111111000111111100011111110000111111000111111100011111110000101111000011111100011111110001111111
0001110000000100000001100000000111010000011001000000111111100000111110001111111111110111111111010111
1111011111111100111111100011111110001111111000111111100001111110001111111100011110110001111011000111
0000000000000001111000001101000000000000000000000000000000100000000001111011111111111101111111111111
1111001111111100011111100001111110000111111100011111110001111111000111011100011110000001111001000111
0101011111000111011100001000010000000000000000100000000110000000011001100111111110111111111111111011
1111100000111110000011111000001111100000111110000011111000001111100000111110000011111000111111100011
0001000000000000000001100000000111000000011110000001111000000000000110000011111011111111111111101111
1111011111111100111111101001111100000111110000011111000001111100000110100000011010001000100000100110
0011111111011111011101111000111111100011111110001111111100110110101011000000001100000000111000111111
0000000100000001000000001100110000110011000011100100001110000000101000111111111111111111111111111110
0000111111001111111101110011110111001111011000011101100011110001101111000000011100000001110110110111
1111111111111111111111111111111110001111110000111111000011111100000111110000111111000001111100000011
0000001000000000100000000000000000010100000001010000001111100000111000111111111111101101111111111111
1100100000111111000011001000011001000001100000000110010001111111100111111000011111000001110100000001
1000011111000000011100000001110000000111000000111111101111111100111111110011111011100000111110000110
1111111111111110111111110001001111000110111100011111110001011111000110110000010011000000001110001110
0011111111011111111101111001110111000011011110001101111000111101000011000100001100010100110101011111
0111111111011100111111110011111111000111111000111111110011110000001111000000011100000000110001011111
1100010000101011010010111001001011100100111110000010111000001111110000111111000011111111001111111011
0111001110011100110001101001000111001100010111110001001100000111110000111111000011111110001111111000
0111111111011100111111110011111111000111111000111111110011110000001111000000011100000000110001011111
1111111111111111111111000111111000001110100000111010000011101110001100110000110011000011101110101110
1110011111111000111111100011111110000011110110001111101000011110110001111111100111111100111110000111
0000111111001111111101110011110111001111011000011101100011110001101111000000011100000001110110110111
1111111111111100111111011011111101001111010111111101010011000000000101000000011100000000010000000000
0011111111100000011111100100011110000011110000001110000000011100000100110100100011110111111111010011
1100111111111100111111100001111111000111111100011111110001110110000111000000011100000000010000000000
0000111111001111000011111000001111000000111000000011111111111111111111111111100011000000001111000000
0011111111011111111101111100111111110011111110001111110001110010000111000000011100000000110000110111
1101111110111010011011101000101111000010110000001010110001000010000100001000010000111001001111111000
1000100111000010011100111001010111100100100110011111010011111101000111100000111110000000111110000000
1111111010111111100011111100001111110000111110000011111000001111100000111110000011111000001111100000
0111111111011101111101100011111110000111110000111100000011110000001111000000111100000101110011111111
0111111111011110011111111000111111000011111100001111110001110000000111000000101100000010110111111111
0000000100001001010000000001000000000000000000000000100000000010010111111011011111111111111111111111
0000000000000001000000000000111000001111000000111100010001110001100111001111010001111111100001111100
1111011111110000000011000000000100100000110000010011100011101110001110111010111011101011101111111110
1111100001111110000011111000001111100000111110000011111000111111100011111110000111111000001111100000
1111111000111111100011111110001111111000111111100011111110001111111000111111100011111110001111111000
1001110001111100000010110000001110110001111011010111101100011110110001110001000100000000001111111100
1101111000111111100011111001001000111110111100110011110011001110000100111000010011100001001110000000
0000000000000000000000000111100001011100000111100000011110000001101110000011111100001001111111111111
0000010110000000011100000000110000000111000111111100011111110001111000111111100010001101000000100000
1111111110111101111111110011110010001111101000111011000011101100000111110000011111000101111111111111
1111100000111110000011111000001111100000111110000011111000001111110000111110000011111000001111100000
1110111111100000111100000011110000001111100000111110000010001010001000100000000010010000001111111000
1111001111111000011111100001111110000111111000011111100001110010000111000000000100000000001111000000
0000000000000001000000011110110000111010000011100000001010000000101000111111111110111111111111111111
0000000000001110000000010000000110110000011111000001110100000110111110000001110001111111101111111111
1000111111000000101110000000001000000000011100000111111100001111101111110001111100000111110000111111
0011111111011111111101111001110111100111011100011101110001111001000111000100011100000001110100011111
0000011101000011110000000101010000001001101001100011001100010100101001100111111110011111111011111100
0000000000000001111000001101000000000000000000000000000000100000000001111011111111111101111111111111
1101111111100011101110011110011001111011100111100110011110111001111011100011001000000100101000111011
1111111111111101111111100000111100001111000000111101100011010000001111000000111100000000000000000000
1111111111111100111111100011110010000111000000001100000000010010000111001000011100100000000010000111
1111001111011100111100111000110001110011000011101100000000110000000011100000001110000011101000111111
1100000011110000001111000000111100000011100000001110000000010000000011100000001110000000011000100001
0000000100000001000000001100110000110011000011100100001110000000101000111111111111111111111111111110
0111111111011111011111111000011111000011111110001111111000110010100111000000011100000001110000111111
1111011111111100111111100001111110000111111000011111100001111110000111111100011110110001111011000111
1111011111111100111111100111111110001111111000011111100001111110001111000000011100000000000000000000
1111111111111111111110110011111000000111101100111110010001010011001111000000111100000000110000000000
0000000000000001000000000110000001011000111111001111011000010001111111111110111101111111101111100111
0111001111100000011110000000110000000111110000011000100000000110001111111100111111111011111111111111
1100111110110011111010001111100001111000000111110000111111000111111100011111110001110001001111111000
0111000111011110011001110011100101011100011111000001101100001110110000111111000011111110001111100000
0000000000000001000000000000111000001111000000111100010001110001100111001111010001111111100001111100
0111011000011101100001110110000111010000011111000001111000001111110000111111000011111000001111000000
0011110011011101111111100001101100110100110111010000111101000001110000000111000000111101000001100000
0001111000001000100001110010000111101000011110000000111101100001111111000111111100011111111110101111
0011111111011111111101111100111111110011111110001111110001110010000111000000011100000000110000110111
0000011101000011110000000101010000001001101001100011001100010100101001100111111110011111111011111100
0000111111011110111101110011111110000111111100011111110011111111111011010000001101000000111101101111
0111111111011111011111111100111111000001111110000111111000110111100011011000101100000110110111011011
0011100011011100001101100000110101010011110010101111001100111101110111100010001000001000001111111111
1111100111111100011111110101111111000111111000011111110001110111000111000000111100000000010000000000
1111011111110000000011000000001100000000110000111010000011111110001111111010111111101011111110111111
0000111111001111111101110011110111001111011000011101100011110001101111000000011100000001110110110111
0000000000000001000000000110000001011000111111001111011000010001111111111110111101111111101111100111
1111111000111111100011111110001111111000111111100011111110001111111000111111100011111110001111111000
0011111111011111011101111000111111100011111110001111111100110110101011000000001100000000111000111111
0000000010000000010000000010000000111000000011000000011110000000111000111111111111111111111111111111
0011111111011111111101111001110111100111011100011101110001111001000111000100011100000001110100011111
0111001111011100011001110011100101000100011100000011101100001111110000111111100011111100001100000000
0111111111111100111111110011111111001111111000011111100001111110001111000000111100000000000000000000
0000111111011110111101110011111110000111111100011111110011111111111011010000001101000000111101101111
0111111111111100111111110011111111001111111000011111100001111110001111000000111100000000000000000000
1111011111111110100111100011111110000110110000011011000001111100000101111000110111101001011110110111
1111011111111000111111100001111110000111111000011111100001111111001111111100011110110001111111100111
0001000111000000011111110001110000000111000000011100000001111111101111111110011111000000110000000000
0111111111011111011111111000011111000011111110001111111000110010100111000000011100000001110000111111
0000111001000110100000110010001011001000101100100000010001100000000111000001111111110111111110011111
1101111011000111101100111010110110101011011000111110001110100000111000000111100000010110000000000000
1111111111111100111111100011110010000111000000001100000000010010000111001000011100100000000010000111
0111111111011101111101100011111110000111110000111100000011110000001111000000111100000101110011111111
1110101111111100011111110001111111000111111100111111110001110111000011000000011100000000010000001111
1111000000111100000011100111101100111100110010110111101001111110011111101101111100000110110011011011
1111011111110000000011000000001100000000110000111010000011111110001111111010111111101011111110111111
1111111100111101100011110110001111011000111100100011110000001111000000111100000111111001011111110111
0110111111011111111111111001111111000011111100001111111001110111000111011001011100000101110110110111
0000000000000001000000000110000001011000111111001111011000010001111111111110111101111111101111100111
1001001000011101100001011111000001001101001111111100111111110111111111000011111100000000010000000001
0011111111011111111101111001110111100011011100001111100000111110010011000011001100001101111111111111
1100111111111100111111100001111111000111111100011111110001110110000111000000011100000000010000000000
1110111110111000111011000001111100001111110000011111000011111100001111100000011100100001110000000111
1101111111100001111110000111110000011111000011111100000111110000111111000001111100000111110001011111
0011111111011111011101111001110111100011011100001101110000111101000011000001011100000101110110111111
0011111111011100111101110001110111000011111000011101100111110000000011000000011100000000111111111011
1100000011110000001111000000111100000011100000001110000000010000000011100000001110000000011000100001
1111000110111000000011100000111110100000110111100111111110011110001000111000100011110001011111000111
1111111111001011111000000100000000000000000000000000000100000100011010010001100011101111111111111111
1111000111111000001111110000111110000001111000001111110001111111000111111000011111100000111110000011
0000011111000001111100000111110001111111000111111100010111110000011111000001111100000111110000011111
0111111111011111011111111000011111000011111110001111111000110010100111000000011100000001110000111111
1101001000100100000000001000000000110110001011011111011111010001111001100111100110001111010101110000
0000000000000000000000011111001001111100001111110000111111000110111000001111100000111110000111111111
0011000000111000000011100000001111000000111111111111111111111111111111110011111100000001110000000111
1111011111111110111111000011111100000111110000111011000011001110001100111000110011010111001101011100
1000011111000000011100000001110000000111000000111111101111111100111111110011111011100000111110000110
1000111111000000101110000000001000000000011100000111111100001111101111110001111100000111110000111111
1101001000100100000000001000000000110110001011011111011111010001111001100111100110001111010101110000
0111111111111111111110110011111011001111101100111110100010010010001111000000011100000000110000000000
1110101111111100011111110001111111000111111100111111110001110111000011000000011100000000010000001111
1000000000100001100010100010111011101011101111101111111110111010110000101111000011111010001111101000
1111111111111100111111110011111110001111111000011111100001111111000111000000011100000000000000000000
0111111111011111011111111100111111000001111110000111111000110111100011011000101100000110110111011011
0111111111011100000000000000000000000000111000011111100001111111001111111100111111111011111111111111
1111111000111111100011111110001111111000111111100011111110001111111000111111100011111110001111111000
1101111111011001110111110011001101001110111000111100100001000011000000011100111001110011101111001010
1111111111111101111111100000011110001110110000101010000011001010001111110000000011100000000000000000
1011111111001111111101111011111110101011101001000111000000011000000001100000001100000011110000001111
0000011100000111100000110010000011011000001111100000011110000001111111000111111100111111111110101111
1110111111111100011111110001111111000111111100011111100001111110000111111000011111100001010110000001
1100001111100000011111000001110110011111011001111111100001011110001001111111101101110000000000000001
0111110011011111001100111001110011100111001100001100110000001110000100111000010111100001111111111111
1111111111111111111111000000111100000001110000001111000000111100000011110000001110000000110000000011
1001001000011101100001011111000001001101001111111100111111110111111111000011111100000000010000000001
1111001111111100011111110000111111000011111000001111110000111111000011111100001111100000111110000011
1100000000110000000011001100001111101000111111000011111100001111100000110001000011110100001111111000
0011111111011111111111110111111100001111110000111110100011111110000111111000111111100011111111101111
0001111110011111111111110111111110001111110000111110000011111010000111111000011111100001111111101111
1110101111111100011111110001111111000111111100111111110001110111000011000000011100000000010000001111
0011111111011111111111110111111100001111110000111110100011111110000111111000111111100011111111101111
1111011111111000000011100000101100111000111111100011111110001101110000110001000011000010001110000000
1101001111111100111111110001111111001111111100011111110000111111000011000000001100000000000000000000
0001111000001101100000110010000111001000011100000000110000000010001111000000111101100011111110101111
0000010000000001110010000111001110100011100000001000000001110000000000000111010000001101110100111111
0111101111111110011111110000111111000111011100001101110000110111000111001100011110000001111001001111
1111100001111110001111111000111111100011111110001111111000111111100011111110001111111000111111100000
0111101111111110011111110000111111000111011100001101110000110111000111001100011110000001111001001111
1111011111111100111111100011111110001111111000111111100001111110001111111100011110110001111011000111
0111111111011111011111111100111111000001111110000111111000110111100011011000101100000110110111011011
1111111111111111101100001110000000010010000101000100000100100000100000100000000010000010001111111111
0000011111000001111100000111110000011111000001111100000111110000011111000001111100000111110000011111
1111111000111111000011111100001111110000111111000011111100001111110000111111000011111100001111110000
0011111111100000011111100100011110000011110000001110000000011100000100110100100011110111111111010011
0111011111010000000001000000000100000000110000111111100011110110001111011100111101111011110111101111
0000000000001000100000111000111010100010100000000010000000001111100000111110010111111011111111101111
1111001111111100011111100001111110000111111100011111110001111111000111011100011110000001111001000111
1000111111000000101110000000001000000000011100000111111100001111101111110001111100000111110000111111
0011111111011111111101111001110111100111011100011101110001111001000111000100011100000001110100011111
1111101111111100111111100001111100000111100000001111000000111001000011001000001100000000000100010000
1111111111111111111110110011111000000111101100111110010001010011001111000000111100000000110000000000
1111111000101111100011111010000001100000011100000011100001110010000111111111011111110001111111001111
1101001111111100111111110001111111001111111100011111110000111111000011000000001100000000000000000000
0011000110000000011011000001111110001111111000111100110011110011001111001100111000010000000000000111
1111111011101011001100001111111000110001000010000100001000010000100001000010010100000001010000110111
0000000010000000010000000010000000111000000011000000011110000000111000111111111111111111111111111111
0001111110011111111111110111111110001111110000111110000011111010000111111000011111100001111111101111
0000000000000000100000011100010000000001000000000000000000110000010111111111111111101011111111111111
1111111011111111000111111100011111100001111111000111111000011111100111111110001011111000011111100001
1111011111111100111111100001111110000111111000011111100001111110000111111100011110110001111011000111
0000011010000001000001100000101011001010101011111111001110011100100001100011010110000110111000111011
0000000000000001000000011110110000111010000011100000001010000000101000111111111110111111111111111111
1111110000111110001101100000001000010001100111101111001100111100110111110111101111001110010000111001
1000111101100000110010100011000110000110001000001011111100111111110011000011000110011010010000111010
0011111111011110111101110011110100000111011100011111100001111110001111000000111100100001111111110111
0000011111001111111101110011110111001111011100111101110011110100000111010000011100000001111101111111
1111011111111000111111100001111110000111111000011111100001111111001111111100011110110001111111100111
1101111110111010011011101000101111000010110000001010110001000010000100001000010000111001001111111000
0110100000110000000011000001001100000100111000010011110001001111010111111111011111111111111111111111
