1000111111100001111110000110011000001001100000100110000010011000010000100001100010001110011100011101
1100111001110011100110001110011000111001100001100100000110000011001110101111111110111111111111111111
1101111010110111100011100110011100000001100000000011000000001100010001100000000111111000001111100000
1100111001100011100110001100011000010001100001000010000100000111101110101111011111111111111111111111
1001101001100100100010000000001001000100000100000010000001001111111111111111111111111111111111111111
0011001100000100100011110110000011110000111111000011101100001000111011111001101111110110111111111111
0001001000000100100001110011101111110110111111001011001101100000010010101001111110110110111111111111
1000110001100011100110101110011110111001111001111011100011100110000110001110011110111010111111111001
1000100011100010111110010011111011011111111001111111100111110000010011000110000110101000111100100011
1000111001100011100110101111011110111101111001110011100111000010000100001110011110111101111111111111
0011001001001100100101100110100011011011011001001011100101101000000110111110111111111010111111101111
1001100011100110111110110011111011001111001001111110100000111000000111001110011110101001111100100111
0001100011000110001110001101011111011111001101011000110101101111011100101101111011010111101101111111
1001110001100111000110110100011001010010101101011011100111001000011000001110111110111110111111111011
0001100011000110001110001100011000010000100111000010000000001000000001100000000011001100001111111111
1001100011100110001110000100011000010000100000000110000100001111010010111111111111111111111111111111
0011110010000111000010001100001000010000100000000010001100001110110000111110000011111000011111110001
0011111001001100100110000000000000000000000000000000000010001111111111111111111111111111111111111111
0001100001000110000100001011110011001111111100111000110110010011011111111101111111111000111111100111
0001100011000110000100110000100011000110011000011011100001001001010100101111101111111111111111111111
0001110011000011001100000100100101010110001100111001110111101010010000111111100111011111111111111111
0010011001001000100100100000110110000111111011011111101101100000110100100111111111111111111111111111
0010001001000101100100010110110001111111000001111000001111101001101000111111110111110111111111111111
1000100010100010111110011011110011001111111100111001110011110000000110000010111010111011101111100111
1001110001100011000110011100010111010111011101111100110111101010010110110101111010011011101111111101
0000001001000000100100110111000111011101111001011111101101110000000010000000110111010111011111011111
1000110011100011001110011101000011100110111100010011110101000000010100000011111110111101111111111111
1000100101000000000000001010000100111110010011101000110011011111111101100111110000101110101111111011
1010100101000000000011000100001111111000111111100011111000011111111101111101011111111001111111111111
1101110011000101000000100000100010000110011110110111111011001111111011100001001100101101110000110000
1101111011100011000100000000000011000110111010011001100000001110111111100111011110011111111000010000
1111101101000000100100000000010110000111010000111111100011011011101101100011111100111111110111111111
1101101011000110000100001000010111000010011101111001101001011111110011100111000110010100101101111001
0010011110000011000110001100010010110000000110011111001011111101111111011111011100111100111001110011
0010001100000011000110001100110010100011000110001011001110111101111011011110111100111010111001110011
1111011111010001000001001100001000010101001010011101101001011110011101100011000110001100011100110101
0011101111000110001100011100011000110001000110001110011100111011111011101111111111001111111111011111
1111111011111011101111101110010000010001100001000010001100011000110011100011000110001100011100111101
0111101101110111110111011110011000110001000111000110011000011101110001111111000111111100011111110011
1100011000000110000000000001000010000100001000010010011110111111111111110001100100011001111111111111
1101111100010010000000001000000111000100011000000001101110110100111011100111100110010001111101111111
1101111011100000000010000000001111000000001000011111111111111101111011110011000110101000010011100111
1111101111010000000001000000000100000000000011011111111111111111001111111000011110000111110000011111
1111111111000100111100000000000010110000000011000011111111111111011110111000000100001001110000000111
1111101111011100011101000000000000011000010011010000000100000001000111111100111111110011111111000000
1111011111111100111110000000001000001000100011010000001100000000010111111000111111100011101110000000
1111101111111110011110000000001000000000100000000000001000000001000111111100111111111111101111000000
1111111111111100111111000000001000001000100011000000000000000000001111111100111111110111101111000000
0000000111001111111010111110000011101100001111110011101111111110111111111011110000001111000000000000
1111100111111100011110010000001001000000100100010000000001000011111111111111111111111111101111101000
1111101111011110011101000000000101100000000011000011111111111111101110111010111100001111110000011111
0111101111010000000001000000000100010000000010000111111011111111011111111100011111000011111000101111
1100011111110000111111000010011101010001110100000000010010111100000000011000100000000000001111111111
0000001110100111100000011100000001110000000111010000011111111111111100111111111011111110000111110100
0011110011110110011111000001000100000101000010110111100001110111001111001101111100000111111111011111
1111111111001100111100100000000010100000000011000011110111111111001111111100001111000001110000001111
1011111011111000001111100000101110000000000011011100001101101110010011111000011111100001111111000111
1001100111110100010011100001000000000111000000001101110011110011001111000010111111111111111110011111
0111011101010000001101100000110110000110010011011100000101101110000011111000011111100001110111010111
1011100001110010001111100000101110000000000000001100000011001011001111011110111111111011110011101111
0011111001100000001111000000101100000010010000001100001100101110000011011000011111100001111111010111
0000110011011000001011100001000000001110000000110011110001110011001111000110111100001011111110001111
1111010010000000000000000000000000110000000000000011110011111111111111111100001110001111110011111111
1111010010000000000000000000000000110000000000000011110011111111111111111100001110001111110011111111
1111010010000000000000000000000000110000000000000011110011111111111111111100001110001111110011111111
1101111111000100011100000001100001011010001011101100000100110010001111111000111011100010111111000111
1111111111010100111100010001110001000010000111001100011100110000000111111000111111100010011111000111
1101001111001100111100000001110000010000000101001100010100110010011111111100111011110100111111000111
1000000111011000011100111100110001010000000100000001000011111100001110110000100111110011111110011111
1111001111011100111100000001110010000010011000001100010001110010111111111011111011111010111111011111
0110101111000100011100000000110000011000000011000100001101110011110111111100011011100000011111001111
1111100010000000001000000000000000110000000000000011110011111111111111111000011100001111111111111111
1111100010000000001000000000000000100000000011000001110011111111011111111100001110001111110011111111
1110100100000000010000000000000000010000000000000111111111111111111111111000111100011111111111111111
1111000010000000110000001000000000110000000011000111110011111111111110111000011110001111110111111111
0000110011110000011011100001000000000110000000110000110011110011001111000101111100000111111110011111
1000101111100000111110100001111010000110100000111111100001111111001111111111111111111111111111111111
1000100111100000111110000011111000000110100000111111000011111110001111111001111111110001111111111000
1000100111100000111110000011111000001100100000111111000011111110001111110001111111110000111111111000
1000100111100000111110010011111001001111100100111111000011111100001111110001011111100011111111000000
1110101111111110011111110001111110000011111000001111100001111110000111111000011111100001111110000111
1010101111111110011111110001111110000111011000011100000000111110001111110000011111000001111110100111
0000100111101110011110110001111100000111011000011100000001111110000111111000011111100011111110011111
0101101111111110011111111001111100000011111000000100100000011110000111111000111111000001111111000111
0000001111000000111100000011110010001111100000111111000011111111001111110001111111111001111111110000
1001110111110111101110011110011000110001100011000100001000011001110001100011000110001111011100111111
1111101111101100110100010110000001111000000011100000011100001001110000101111000010111110001111111100
1101001111100110110110010010011111000000110000000111000000011111001001111111110110011011111101111111
1101111111101111001110001100111000010001000001000100001100110000110011100011100110001111111000111111
1101100100100110110010010001001110110100110011011011011101101111111111111110110010010110000001110001
1000100110100010111100000011110011001000001100110000110011001110001110110101101011110110111111010111
1000110001100011000000111000000111000110011100011011100001001111011110111101101011110111101100011110
1000111001100011100100000110010011001010001001111010100111101111011100111001111011001111101001011010
1011011101111101111100110010011011001000000000000000000000001011101101111111111011111111011111011011
1001111011100111100110001110111000011000000011000000001100001000111001100011110110001110011100111011
1011100001110110011110001000001000000001100010000100001100111000110011110011000111001101011100111001
1111011011111111110100010010010001001000000100000000010010001001101100111111110111111111111111111111
1110011111011100111001111011100110001011001000001101100000111100000011111100001111110000111111100011
0011000111001100011100110001110000000101001011000111101100111111110011111111011111110001111110100111
0001001111001100111000110011110001001011001011001001101100111111110011111111001111110011111100000011
0000111001001111110000111111000011100000001111000000111100000011111000111101100011110011001111011101
0111000111011100011001100001100101000000010011101101001110111110110001111110000111111100011111110001
0111011111011100111001100011110101001011010000011001100001111111000111111110011111110011111100000111
0000000111100011111000000000110000000111000000011111000011111100001111111000011111100101111111010011
0111011111011100111001110011110111000111011000001101100000111110000011111100001111110001111111000011
0111011111011100111001100011110111001011010000001101100000111110000011111100011111110001111111100011
0011101111001110011100110001110011000101001011100100101110011111110001111110100111111110111111101001
1110111111111001111011100011111110001110111000011111000001111100001111111000011111100001111111001111
0110011111011011110101100111110110001101011000110101000011101111001110111110111101110111110110011111
1110011111111100110111110011111111000111111000001101100000111100000111111100011111110001111111100111
0111011111011100111001110011110101001111011000011111100001111111001111111100111111110111111110011111
1100111100110011100010001110000010100100001010010101101001010010111110110001100010011111111111111111
1110011111100001000110001000010111011111011000010101111001010111001111011100111111110010001110011001
1111111001100111000110010001010011100101001110110100101011011100100001110111000011100000111111111111
1110001110110000111010000000000011010010011110011100000001001111001111111101111111110111111100111000
1111111101100110010110010011001011100111001110011000111110001100110000110111001111100000111111100111
1111111111000110100111111010000011100001001010010100101000011100100011110111001111100110001111110111
1110010010110001011011000001100111010110001011111000111101001111011110111100111110001111101111111111
1111111111000110101110110010010010100011001010001100101000110000111011110011011111001100111101011100
0011100110001110011011110001100000110110000011011100001101110111000111011100001111101111111111111111
0001100011000111001111110000110001000010000111111100001111111011101011101110011111111111111111111111
0011100011001100001111100000110000110110000011011100001101110111000111011100001101101011111111111111
0011100011001100001111110000110001111010000010011100001101110111010111011100001101101011111111111111
0011100110001100011011100001100000110110000011011100001101110111100111011100011111101111111111111111
0001111001000100100111110000010000110001000011001100001110111111001011111100011111111111111111111111
0011110001001111000100110000011110001001000011111100010100110001111011111111101111111110011111000011
0001111001000110100100010000111111011101000011111100001101010000111101011111110101111111010111010011
0011110011001110001111110000110100110010000011011100001100111011111011101110000110111111111111111100
0000001001000000100111111111110011110111001111010100111000010111100001011111110101101111011111111101
0001111001000110100100010000011111011001000011111100001110010000101001011111110101111111010111100011
0011110011001110001101110000111110010011000011011100001101110001111011111011101111111110111110001111
0001110001001111000100000000011110001001100111001100011100110001110011111111110111111111011111011101
0011110001001100000100110000011111111001000011101100001110110001111011111111101111111110111111000011
0001111001000100100111111110010000110001000011001100001110111111011011111100001111111111111111111111
0011110001001100000111100000011110111001000111001100001100110001111011111111101111110101011111100111
1111111100101100010010011111000000100000000011111100001111110110001111111001111111110011111111111000
0111111110011000111011100010100100111100000011111000001111111001001111111100111111111000011111111111
0111101111001100011100000001101110110110010011011100000101110000110011000011001111111000111111100111
1111111101011110011100001001011100110101100011011000000001110000111111000011011111111001111110001111
0011111110000000110001111111000000111110000011011100001101111111000111111110111111111000011111100111
0111111101011000110100000011011111111101000111010100011001010001100111000101011111110101111110000111
0111111101001100110100000001011110000101000001010100001111110000110111000111001111110001111111011011
0011111110001000111000000011100111111110000110011000011000110001100011000101101111100111111111000111
1111111100010110010011011001001100100100000011111000001011110011001111111100111111110101111110011111
1111111100110100110001010001001100101100000001110000001111110011101111111101111111110111111111101000
0111111111011100111100000011011110110111000011011100001001110000000011000100001111110000111111000111
0011111110001000111011101110100000110110000011011100000101110111000111011100111101111010000111110111
1111111100010100110011001111001000101100000010111000001011111011001111111101111111111010111111111111
1111111100010101110001010001001100100100000010110000001111110011001111111101111111110010111111110111
1000000000100000000010000000001011111101101111110111111111001111110101111110001111010001111101011111
0000000000000000000101100011111110111111011011111011100111110000001001000000011101000011111111011111
1101111001100110110110001110011110111001100011100110001000001001110001101111000111111100011111110001
1100111011110011101110001100011100110001101011100110001110001000100001101111000110111100011111110001
1101110010110011011010001100111000110011100001001110001100111000110001100011001110001001111111111111
0000000000000000000001111000000111011010011101111101101011110001101110111110111011011011111111110011
0010000000000000000000010000101111001010011110111011110001111111000111011101111100111101110001110111
1000001001000000100000001111111101111111000111111100011111100000111110001100100100011010011111101111
1001011000100100100010011110000001111111000111111100011101110001111111000000111100001111110001111001
1110011111100001000110001000010111011111011000010101111001010111001111011100111111110010001110011001
1110011111100001000110001000010111011111011000010101111001010111001111011100111111110010001110011001
1111111111000110101110110010010010100011001010001100101001110000111011110011111111001100111101011100
1100111100110011100010001110000010100100001010010101101001010010111110110001100010011111111111111111
1111111101100110010110010011001011100111001110011000111110001100110000110111001111100000111111100111
1111111111000110100111111010000011100001001010010100101000011100100011110111001111100110001111110011
1110001110110000111010000000000011010010011110011100100001001111001111111101111111110111111100111000
1110010010110001011011000001100111010110001011111000111101001111011110111100111110001111101111111111
1000001111110000000110000000000010001100000011110000001110000000011111001101111111111111111111111111
0000011111111000001111000000001100000100001011011000011101100001110000100111101100001111111111111111
1000001111111000000111100000000100000010111100111000011110100001111000100111111100011111111111001111
1100000001101010001011100000100000000010011111101000011110100011111000111111000100011110110000001111
1100000000101001001011001000100110001010011111101000111110100010111001110011101100001111110000001111
1100000001100000000010000010010011001000001111100100001111110011111111111111111111111111111111111111
1000001111110000000011000000000010111100000011110000001100010000111111001100111111111111111111111111
1000000111110000000010000000001110111101000011100000001100010000011111011111111111111111111111111111
1000001111110000000111000000000010001100100011110000001110001000111111000101111111111111111111111111
1100000001100000000010001011001010111100000011000000001101110000111111111111111111111111111111111111
0000000011010000100001010010001101001101111100011111110011110111000111011100111100000111110000111111
0000000011111000100001010010001101101111110100111011110011111001001101111100011111100011110000101111
0000000001010100100001010010000101001101110100011011110001111001001111111000011101110011110000011111
0000000000010000110011110011001111001111111100111111110001111000000111111000001111100001110000011111
0000000001110000010000110001101111100111111100011111111000111100010011111100011111100001110111001111
0000000011010000100001010010001101001101111100011111110011110111000111011100111100000111110000111111
0010001100001000010000110001100110110110001000011100100001111010000111000011111111111111111111111111
0000000101110100110001110011001101101111111100011111110001111000000111111000011111100001110110000111
0000000000010100100001100011000110101110011010111001100000110110001111000011111111111111111111111111
0000000000001000110000100011100110101111011010011101100001111010000111000010111100001111111111111111
0000001000001100100001111001000111000110011100011101111000110111000111000010111100011111111111111111
0000000001010000000001010010000111111100011111111101111100010110110111000010111100011111111111111111
0000000001000000100011100000001110001100111111110001111111101111110111011111010001110110011110001011
0000000001000000000001000010000111111101011111111001111100010110111111000000111100011011111111111111
0000000001000000000001010010000111111100011111110001011111000111111111000000111100000111111111111111
0000000001010000000001010010000101101100011110111101111110010111110111000000111100001111111111111111
0000000011000000000001000010000101011001011111110001111110010111111111000000111100001111111111111111
0000000001101000000010100010011111000001111110100001111110011110111111000010111100001111111111111111
0011110001001100000111100000011110111001000111001100001100110001111011111111101111110101011111100111
0011110011001110001101110000111110010011000011011100001101110001111011111011101111111110111110001111
0011110001001111000100110000011110001001000011111100010100110001111011111111101111111110011111000011
0011100011001100001111110000110001111010000010011100001101110111010111011100001101101011111111111111
0001100011000111001111110000110001000010000111111100001111111011101011101110011111111111111111111111
0011100011001100001111100000110000110110000011011100001101110111000111011100001101101011111111111111
0011100110001110011011110001100000110110000011011100001101110111000111011100001111101111111111111111
0011110011001110001111110000110100110010000011011100001100111011111011101110000110111111111111111100
1111111100110100110001010001001100101100000001110000001111110011101111111101111111110111111111101000
1111111100101100010010011111000000100000000011111100001111110110001111111001111111110011111111111000
0011111110001000111011101110100000110110000011011100000101110111000111011100111101111010000111110111
1111111100010110010011011001001100100100000011111000001011110011001111111100111111110101111110011111
0111111101011000110100000011011111111101000111010100011001010001100111000101011111110101111110000111
0011111110000000110001111111000000111110000011011100001101111111000111111110111111111000011111100111
0011111110001000111000000011100111111110000110011000011000110001100011000101101111100111111111000111
0111111110011000111011100010100100111100000011111000001111111001001111111100111111111000011111111111
1111111100010100110011001111001000101100000010111000001011111011001111111101111111111010111111111111
1111110111101011010000000101000010111100000001100000100110000010100011101100011111011111111111111101
1111101111100100110110010010000001111011000111100010001110000001110000001111000000011110011000011000
1111111111110001101111001100001100110000110001100110000110011101110001111010000111111100011011111111
1101111111110011100110001110001100010001110001000011000100001100100000110011000010100100000010111000
1111110000110111000010000100001000010000110000000011010000001101100000111010000010101000000011110000
1111111111110101100110000100001000011000100001000011000110001101111001111001100010101110000010100000
1111111111110011100111000110001000110001100011000011001110001000010000100101000010000100011100111111
1111111011110111101110001100001001110000100001000110000100011000010000111110000011111000000001111111
1100011100110001100011001110001011011101101000011101100101101000011100100001111011000011100000110011
1100011000110001100011111111111011010110101001011011100011101000010100110001000011000110000100110110
1111111111111001100011001110011100011000110001100010000100001101111011111011101111101111110101101011
0111111111011110000001110000110111100011011100000011110000001111001100111110001111110101110001000111
1110001101111010111101100000010111000001111100011111100000111110000000111000000011000000001110111111
1111111111111100001111110001111111000100111000000011100000001111011001111110001111110101110000001111
1111110011111100000111110001111111000011111100000011100000001111001000111110001111110100110000010111
0111111110001110111000110000000011000111001100000011110000001111001100111100111111111010000000000000
0011111111001100100000100000110010000001011000000011110000001111001100111110000111100101110000011111
0111101111011110100001110000110111000000011100000011110000001111001100111110001111100100110000110111
1111111111111100111110100000111111000011111100001111110001001110000100110000010011100001011111101110
0111111111011100000101010001110111000011011100000011100000001111001000111110111111111110110001100111
1111110011111100000111110001111111000011111100000011100000001111001001111110001111110100110000100111
1111111110111100110010110000001010000111101000001110100000001100000000110000000011110000011111000000
1111100011111100001110110000111111111101111011000011001100001100110000111000000111110100111100010011
1111100011111110001110111000111110110000111011000011001100001110000000111000000111110100110000000011
1111100011101100001110111101111010111000111011000011101100001110000000111100000111110000110000000111
1111101111111100011101110000111110000011111000001111110000001110000000111000010011100000111111011111
1111101111111100011101110000010110000011111000001111100001001110000000110000100011000000111110000111
1101100001111100001111110000010111101111110011111011101100001101110000110111000011011100001100010000
1111111111111111111111111111111111111111111111111111111111111000000100000000000000000000000000000000
1110011000110111000111001100011110000001011001000011100100001111110000111111000011110101001110010010
1100111001110011100111001101011000011100110001100010000110001100011000011001111111111111101111011100
1110011011110011100111001100011000110001110001000111000100001000010000110011000011110111001111111111
1101111001110011100111101100011110010000111001000011100000001111110000111111000011110111001110011110
1111111110101011010000000111000000011100000001100000100111000010111100101101111111010111111111111111
1111110111101011010000000101000010111100000001100000100110000010100011101100011111011111111111111101
0011101111001110011100111011100011001100001100010000110000001111000000111101000011111110001111100000
1111110000110111000010000100001000010000110000000011010000001101100000111010000010101000000011110000
1101111111110011100110001110001100010001110001000011000100001100100000110011000010100100000010111000
1111111111110001101111001100001100110000110001100110000110011101110001111010000111111100011011111111
1111111111111001100011001110011100011000110001100010000100001101111011111011101111101111110101101011
1110011011110011100111001100011000110001110001000111000100001000010000110011000011110111001111111111
1110011000110111000111001100011110000001011001000011100100001111110000111111000011110101001110010010
1100111001110011100111001101011000011100110001100010000110001100011000011001111111111111101111011100
1100011000110001100011111111111011010110101001011011100011101000010100110001000011000110000100110110
1100011100110001100011001110001011011101101000011101100101101000011100100001111011000011100000110011
1111111011110111101110001100001001110000100001000110000100011000010000111110000011111000000001111111
1111111111110011100111000110001000110001100011000011001110001000010000100101000010000100011100111111
1111111111110101100110000100001000011000100001000011000110001101111001111001100010101110000010100000
0111101111011110001111110011110111001110011000011001110000001111000000111100000011111110001111110000
1111011100000100000010000000011110000011111000001111100000111110000010111000001001101011110111111111
1101111001110000001000000000100001000011000100011010010001101001000010100100000011111111101111111111
0001011001000000100000001010010110000010011011011101001111010100111001010011000111101101111111110111
1111111110001110110000000000000000000000000000100010010011011001001001100100100011111110111111111111
1110111111010010110100001001011000000001100000000110011000001001110001100010000110111000011111100010
1110011110110001011000110100000000010000000001000000000110010001111001000111100110000111001000011111
1111111111000100100100000010000000000000000100100000000110011001001001000101100001111111111111111111
1111111111111110001110001100001000010000000001000010000000011000010001000011000110001101101000111111
0010011111000000011100000101010000010100000001000000110100010001111011100010000110001100011000110011
0011110001001011000100000101010110010100111000111001110011100111001100011100110001110111100111001111
0001010111000101001101000110010010000011011100011100110001010001000101000000100100010111111111111111
0000001111000000101101100000001110011000011001110101100111010110011100011000111001011011100001111010
1111001011000000000000001000001111110110011011111001101101100110110010011010011001101101010110110001
0110101111011010000100000010000110000100111100110011110001100111000110011100011001110111100101011010
1110011111111000111111101011111110010111000011000100001110010001111001000011000100011100010001110001
1110000001111000000111101001011110100001000111000100011100010001110001001111000100111100110001010111
1110000111111000011111100100010000110001000011000100001100010000010001000001000111111110111111111111
1100000011110000001111000000110000010011000011101100001000110000000011000000001111011100111111111111
1100000111110000011111100001110000010111000011011100001101110000000111000000011111111111111111111111
1100111111110010111111001000111100100011000011001100011100010001111001000111100100011110010001011001
0010111100001011110000000001001100000000000100000000010000001110001111111100111111111110001111111100
0010111100001011110000000001001110000000011100000000000000001111000111111100001111110110001111111100
0111111100011111110000111011001010010000101000000000100000000010000000100000111111000001111100000111
1000111000100111100011011110101000011000110001101011001111000000001111111000111111100011111110001100
1001111110100011111001100000001110000000100000000010100000111100000000111011001111111111111111111111
1111111100111111110000100001001010000000110000000000100000000010000001110000011111100011111110000011
0111100011011110001100000000110000000011010000001100110001111111000011111100001111100111111111111111
1111110001111100001110001001111000000111100000011110000000110110000111110000011111100010011110000001
1101111000000111100000000000011110000001001000000100001001111111000111111100000111111111011111111111
0111100011011110011100000001110000000111000000011100000001111110000011110000001111100111111111101111
1111100011111110001100001000110000110001000000001100000000111100001111011000111111100000111110000001
1111110001111100001110001001111000000111100000011110000000110110000111110000011111100010011110000001
0001111000010110110000011001001000100000101111000000111110000011111000000011100011001110110111101000
0001111000010110110000011001001000100000101111000000111110000011111000000011100011001110110111101000
0001011111000101111100000000101100010000100111100000001110001100111110110001001111000111101000011111
0000011111010111111110000000101110000000111111000000001110001100010110111001001110001110001100001000
0000011110000101111100000111101100000000111111000000001100001000110100111011101111101010001100000010
0001111100001111111000011111110001111100000111110010111110000001111100000110110011001011100000100110
0111111111011111111100111011010011001100111100011011100001001110000100111000011111100000010110010100
1011111001101011000110100110001000011000110001100011100100001010010000101001100010110111101101111111
0110111111001011010100011001010001100010000110011000011001010011100100001110010010111011011111111111
1101110011100110000111011100001101100000110110000010110000001001100000100110100010111101001101111111
0011100111001111110100111111000111111000011010000001000000001001100000110010001011101100111111110011
1110101100110100100011000010001100001000110000000011000010001000011000111101100010011111011100111110
0110011000010000100001100011000100001000010000100011000010001100011000110001100011101111011111011110
0011101111001110111100011011010000101000000000000000011000001001100000100011000011001100001111110000
1100111000110011000010000100001000010000100011000011001000001101110000111011000011111100001111100000
0111101111010110111111000010011000000000100000000010000000000000000000000011000010001100000000111000
0111100011011110000101011000010100000001100000000100000000010000011001100001100010001110111000111111
0001100011000110011100011000110001100111011110000111110010000111000000111001100111100111011000111001
0001100011000110001100011000110011100001001110000100111000011111100011111001100011111111001111111101
1111111110100111110010000110001110011000111001100011100110101110001000101111110010011100001001110000
0101111110010001100001000100000110010110011001000011010110001011010010111100111011010101001111010100
1100011000110001100011001110001110111000111001110011110110001111011000111101100011100110111000011100
1111111111110111101111001100011000110001110011000111001100011100110000110011000011010100001111110010
1111111111111011111111000110111000010001000011000100001100010000110001000011000100001100000010010110
1111011101111000100111000000011000001001000000100100000010010000001001000000101100010110111011111111
0100000110010001111101001111000110001000011000100011010101101100011110111001111111101100111111010001
1000011111100001111110000011111000001111100010111110001000110000101111111110000011111100101111100100
0100001111010000111101000011110100001111010000011110000001110000001111111110000011111100001111111011
1110001111111111101111111110001111000000111001100010001000001100000000110000110011110011001111001110
0000011111000001111100000111110000001111000000101100001010110010101001000111000111111100011111000011
0001111111000111111100011111110001000001000100000100000000010000000001100000000111110000011111000001
1000011111100001111110000111111000001111000000001100000001111110000111111100000011111111111111110110
0001111111000111111100011111110000100111000000001100000000110000000011111000001111110000111111000011
1100111111110011111111000011111000000111100000011100000000110000000111111000011111100001111111000111
0001110000000101000000011000000001000000000100000010010000001111100000111110001111111100111111111001
0001010000000101000000010000000000100000000110000010010000001111000000111100000111111001111111111001
0011100000001110000000111010001011000000101110000000100000001001010000111101000011110011001111000100
0001100000000110000000010000000001100000000100000010010000001111000000111100001111111101111111011011
1011111110111100111010110001101000000110100100011011110001101111000111111100011111110100011111100111
1011111111101111111110111011111011000111101000001110100001111010000111111100001111110000011111001000
1011111111101111111111111000111111000011111000011111100001111110000011111000001111110000011111001000
1111111110111111000011110000001111000000111110000011000000111100000011110000001111001111101001011111
0101110000010100001010010000000001100000000111000010011000001111010000111110000011111001111111011001
0101111110010111101001011010111001100000100111000000011000001010010000110011100011110110001111011000
0011110000001110000010111000001011100010000111110000011110000001111000111111100011111100001111000000
0101110000010110000011011000001001110000000111000010011010001111101000111110000011111010111111011011
1011111001101011000110100110001000011000110001100011100100001010010000101001100010110111101101111111
1111000111110000000111000000011000000001100000000110100000111010000011111111111111111111111111111111
1110000111110000001110000000111000000011100000001110000001111000000011111100111101110111110111011111
1100101111110000011111101000111100100011100000000110000000011100000001110000001111000010111110000111
1100000011110011001110000010011000001101100000000110000000011000000001111000011111100001111110100111
1100110011100000000100000011011000001101100000000110000000011110000011111000011111100001111110000111
1100010011110000001110000000011000000001100000000110000000011100000011111000011111100001111110110111
1101100111111000000111100000011001000001100000000110000000011000000001110000001110000000111100001111
1101101111110000001111010000011000000001100000000110000000011100000001110000000111000001111100000111
1110000111110000011111100000111100000011100000001110000000101100000010110000011111000010111110000111
1100010111100000001110000000011000000011100000001110000000111100000111110000011111101001111110101111
1100110111100000000100010010011000001001100000000110000000011100000011110000011111000001111100001111
1000111111100001111110000110011000001001100000100110000010011000010000100001100010001110011100011101
1111011100000100000010000000011110000011111000001111100000111110000010111000001001101011110111111111
0110111111001011010100011001010001100010000110011100011001010011100100001110010010111011011111111111
0011011111000000011100000101010000010100000001000000110100010001111011100010000110001100011000110011
1110111111011010110100001001011000000001100000000110011000001001110001100010000110111000011111100010
